variant1	1	915	85	10	36	4	51	2	62	5	73	7	90	3	93	14	111	9	121	12	134	13	147	13
variant2	1	938	62	10	36	4	50	3	59	8	72	8	88	5	99	8	109	11	127	6	131	16	145	15
variant3	1	938	62	10	37	3	47	6	65	2	76	4	86	7	100	7	117	3	123	10	124	23	145	15
variant4	1	893	107	10	38	2	52	1	58	9	76	4	80	13	90	17	118	2	121	12	126	21	146	14
variant5	1	886	114	10	33	7	46	7	56	11	74	6	82	11	88	19	98	22	128	5	129	18	133	27
variant6	1	865	135	10	34	6	48	5	57	10	61	19	79	14	95	12	99	21	112	21	127	20	125	35
variant7	1	888	112	10	35	5	45	8	57	10	70	10	83	10	102	5	106	14	111	22	129	18	139	21
variant8	1	858	142	10	35	5	43	10	57	10	73	7	81	12	90	17	102	18	125	8	134	13	137	23
variant9	1	877	123	10	39	1	44	9	57	10	76	4	85	8	102	5	102	18	113	20	133	14	140	20
variant10	1	905	95	10	34	6	48	5	57	10	72	8	84	9	98	9	113	7	120	13	132	15	145	15
variant11	1	905	95	10	35	5	46	7	59	8	74	6	83	10	93	14	107	13	117	16	128	19	149	11
variant12	1	920	80	10	35	5	50	3	63	4	74	6	86	7	100	7	115	5	119	14	140	7	146	14
variant13	1	913	87	10	38	2	52	1	56	11	76	4	87	6	96	11	110	10	124	9	129	18	148	12
variant14	1	917	83	10	38	2	49	4	57	10	79	1	89	4	97	10	113	7	123	10	133	14	152	8
variant15	1	829	171	10	31	9	37	16	59	8	69	11	78	15	93	14	102	18	107	26	119	28	125	35
variant16	1	894	106	10	36	4	48	5	62	5	70	10	85	8	96	11	105	15	111	22	131	16	144	16
variant17	1	915	85	10	39	1	45	8	54	13	76	4	78	15	103	4	106	14	124	9	120	27	139	21
variant18	1	881	119	10	33	7	44	9	57	10	65	15	83	10	92	15	109	11	113	20	125	22	132	28
variant19	1	866	134	10	36	4	47	6	53	14	66	14	77	16	91	16	109	11	130	3	129	18	147	13
variant20	1	904	96	10	34	6	45	8	62	5	71	9	88	5	97	10	108	12	114	19	135	12	139	21
variant21	1	923	77	10	28	12	49	4	59	8	67	13	84	9	98	9	111	9	121	12	136	11	147	13
variant22	1	863	137	10	35	5	50	3	63	4	64	16	78	15	98	9	103	17	102	31	128	19	136	24
variant23	1	863	137	10	32	8	49	4	57	10	75	5	72	21	86	21	98	22	120	13	128	19	138	22
variant24	1	905	95	10	35	5	49	4	64	3	72	8	88	5	89	18	103	17	121	12	131	16	153	7
variant25	1	858	142	10	32	8	45	8	60	7	60	20	73	20	90	17	102	18	110	23	137	10	147	13
variant26	1	872	128	10	31	9	44	9	59	8	68	12	80	13	90	17	108	12	113	20	137	10	133	27
variant27	1	877	123	10	32	8	50	3	60	7	71	9	81	12	97	10	107	13	111	22	130	17	144	16
variant28	1	917	83	10	37	3	46	7	60	7	75	5	89	4	98	9	111	9	122	11	133	14	145	15
variant29	1	918	82	10	31	9	49	4	64	3	74	6	77	16	86	21	111	9	115	18	139	8	149	11
variant30	1	872	128	10	34	6	46	7	58	9	72	8	82	11	94	13	106	14	106	27	126	21	141	19
variant31	1	889	111	10	37	3	44	9	60	7	69	11	77	16	94	13	110	10	118	15	132	15	147	13
variant32	1	882	118	10	37	3	42	11	61	6	70	10	80	13	83	24	94	26	115	18	127	20	141	19
variant33	1	871	129	10	36	4	42	11	61	6	69	11	82	11	87	20	107	13	110	23	134	13	140	20
variant34	1	915	85	10	37	3	44	9	65	2	62	18	92	1	93	14	108	12	128	5	132	15	139	21
variant35	1	911	89	10	38	2	44	9	61	6	68	12	81	12	103	4	110	10	121	12	133	14	149	11
variant36	1	927	73	10	37	3	46	7	60	7	74	6	86	7	95	12	105	15	120	13	134	13	151	9
variant37	1	933	67	10	37	3	45	8	62	5	73	7	85	8	101	6	112	8	123	10	142	5	144	16
variant38	1	935	65	10	36	4	49	4	60	7	79	1	85	8	91	16	116	4	122	11	135	12	150	10
variant39	1	920	80	10	35	5	51	2	62	5	73	7	88	5	97	10	103	17	123	10	136	11	153	7
variant40	1	882	118	10	34	6	44	9	55	12	66	14	84	9	86	21	109	11	110	23	121	26	142	18
variant41	1	934	66	10	34	6	48	5	63	4	75	5	88	5	99	8	107	13	108	25	137	10	142	18
variant42	1	955	45	10	37	3	51	2	66	1	76	4	90	3	107	0	108	12	130	3	137	10	150	10
variant43	1	933	67	10	34	6	52	1	63	4	78	2	89	4	99	8	111	9	119	14	134	13	139	21
variant44	1	895	105	10	37	3	47	6	65	2	72	8	88	5	97	10	105	15	122	11	142	5	144	16
variant45	1	907	93	10	34	6	48	5	53	14	76	4	85	8	99	8	114	6	124	9	141	6	145	15
variant46	1	947	53	10	38	2	48	5	60	7	74	6	87	6	96	11	110	10	130	3	133	14	152	8
variant47	1	923	77	10	39	1	45	8	65	2	76	4	89	4	99	8	111	9	112	21	145	2	148	12
variant48	1	899	101	10	36	4	49	4	60	7	72	8	85	8	103	4	116	4	118	15	137	10	139	21
variant49	1	944	56	10	39	1	51	2	66	1	75	5	85	8	103	4	113	7	126	7	141	6	151	9
variant50	1	921	79	10	36	4	44	9	63	4	69	11	86	7	100	7	108	12	123	10	134	13	142	18
variant51	1	946	54	10	37	3	51	2	64	3	73	7	93	0	98	9	115	5	125	8	136	11	153	7
variant52	1	921	79	10	34	6	47	6	61	6	76	4	81	12	97	10	113	7	131	2	141	6	144	16
variant53	1	851	149	10	33	7	44	9	59	8	72	8	64	29	90	17	99	21	109	24	127	20	134	26
variant54	1	876	124	10	28	12	49	4	59	8	55	25	80	13	96	11	103	17	120	13	123	24	148	12
variant55	1	927	73	10	37	3	48	5	59	8	75	5	87	6	96	11	112	8	120	13	135	12	151	9
variant56	1	920	80	10	39	1	48	5	57	10	67	13	82	11	96	11	109	11	120	13	129	18	139	21
variant57	1	922	78	10	40	0	49	4	62	5	72	8	86	7	96	11	107	13	121	12	138	9	147	13
variant58	1	909	91	10	33	7	45	8	62	5	69	11	73	20	99	8	106	14	122	11	131	16	146	14
variant59	1	852	148	10	32	8	43	10	56	11	65	15	83	10	82	25	102	18	118	15	116	31	139	21
variant60	1	865	135	10	32	8	44	9	53	14	66	14	78	15	89	18	107	13	115	18	122	25	131	29
variant61	1	920	80	10	37	3	49	4	62	5	72	8	83	10	98	9	113	7	121	12	131	16	139	21
variant62	1	832	168	10	36	4	42	11	51	16	66	14	70	23	96	11	103	17	115	18	116	31	138	22
variant63	1	954	46	10	37	3	51	2	66	1	73	7	89	4	105	2	116	4	124	9	136	11	155	5
variant64	1	931	69	10	37	3	51	2	64	3	75	5	90	3	97	10	115	5	127	6	143	4	146	14
variant65	1	912	88	10	38	2	47	6	59	8	71	9	80	13	93	14	111	9	121	12	133	14	140	20
variant66	1	896	104	10	36	4	46	7	48	19	75	5	78	15	103	4	113	7	123	10	125	22	144	16
variant67	1	853	147	10	38	2	46	7	56	11	67	13	85	8	95	12	108	12	121	12	125	22	143	17
variant68	1	933	67	10	38	2	45	8	60	7	76	4	89	4	92	15	115	5	122	11	137	10	147	13
variant69	1	871	129	10	36	4	46	7	62	5	70	10	85	8	93	14	105	15	116	17	133	14	147	13
variant70	1	767	233	10	30	10	45	8	51	16	65	15	77	16	86	21	97	23	120	13	123	24	126	34
variant71	1	929	71	10	38	2	49	4	59	8	76	4	82	11	99	8	111	9	123	10	137	10	154	6
variant72	1	873	127	10	34	6	51	2	53	14	70	10	85	8	95	12	100	20	114	19	131	16	142	18
variant73	1	798	202	10	29	11	40	13	58	9	66	14	74	19	86	21	96	24	110	23	120	27	131	29
variant74	1	935	65	10	34	6	46	7	64	3	75	5	85	8	97	10	111	9	125	8	129	18	147	13
variant75	1	896	104	10	34	6	51	2	59	8	71	9	85	8	93	14	110	10	121	12	133	14	133	27
variant76	1	931	69	10	40	0	51	2	60	7	74	6	86	7	104	3	101	19	122	11	135	12	146	14
variant77	1	867	133	10	33	7	45	8	62	5	73	7	79	14	97	10	107	13	111	22	132	15	143	17
variant78	1	872	128	10	33	7	50	3	60	7	74	6	77	16	95	12	111	9	117	16	132	15	138	22
variant79	1	923	77	10	39	1	42	11	61	6	69	11	89	4	99	8	112	8	119	14	130	17	146	14
variant80	1	909	91	10	38	2	50	3	63	4	70	10	86	7	91	16	100	20	129	4	130	17	145	15
variant81	1	869	131	10	30	10	48	5	59	8	78	2	81	12	90	17	106	14	122	11	110	37	140	20
variant82	1	874	126	10	35	5	47	6	61	6	71	9	77	16	92	15	94	26	111	22	124	23	144	16
variant83	1	810	190	10	30	10	46	7	52	15	68	12	72	21	74	33	104	16	109	24	125	22	125	35
variant84	1	853	147	10	33	7	47	6	56	11	69	11	83	10	94	13	106	14	105	28	130	17	131	29
variant85	1	751	249	10	31	9	43	10	57	10	63	17	74	19	71	36	95	25	99	34	115	32	133	27
variant86	1	883	117	10	35	5	44	9	56	11	73	7	78	15	93	14	97	23	111	22	128	19	140	20
variant87	1	870	130	10	31	9	43	10	50	17	64	16	79	14	84	23	107	13	117	16	129	18	130	30
variant88	1	831	169	10	37	3	49	4	53	14	72	8	76	17	86	21	102	18	113	20	126	21	137	23
variant89	1	932	68	10	35	5	49	4	54	13	68	12	88	5	103	4	111	9	112	21	132	15	151	9
variant90	1	825	175	10	26	14	43	10	53	14	68	12	81	12	88	19	108	12	102	31	124	23	117	43
variant91	1	904	96	10	35	5	44	9	61	6	65	15	80	13	93	14	104	16	116	17	129	18	139	21
variant92	1	911	89	10	36	4	48	5	56	11	72	8	86	7	97	10	115	5	124	9	139	8	148	12
variant93	1	852	148	10	31	9	45	8	51	16	68	12	76	17	94	13	106	14	112	21	126	21	144	16
variant94	1	895	105	10	35	5	49	4	62	5	75	5	82	11	91	16	102	18	113	20	126	21	141	19
variant95	1	822	178	10	35	5	43	10	54	13	63	17	80	13	86	21	81	39	111	22	125	22	136	24
variant96	1	938	62	10	39	1	49	4	65	2	76	4	88	5	95	12	115	5	123	10	140	7	148	12
variant97	1	931	69	10	37	3	48	5	62	5	71	9	87	6	98	9	112	8	124	9	134	13	144	16
variant98	1	890	110	10	36	4	48	5	60	7	63	17	86	7	96	11	93	27	124	9	126	21	140	20
variant99	1	941	59	10	39	1	53	0	63	4	72	8	88	5	101	6	112	8	128	5	138	9	149	11
variant100	1	872	128	10	33	7	47	6	48	19	70	10	75	18	96	11	103	17	120	13	127	20	127	33
variant101	1	880	120	10	32	8	45	8	63	4	73	7	82	11	90	17	103	17	116	17	137	10	144	16
variant102	1	923	77	10	39	1	52	1	63	4	69	11	89	4	99	8	106	14	121	12	130	17	147	13
variant103	1	857	143	10	36	4	44	9	60	7	67	13	73	20	95	12	102	18	113	20	128	19	137	23
variant104	1	870	130	10	31	9	46	7	57	10	69	11	83	10	95	12	110	10	102	31	121	26	137	23
variant105	1	907	93	10	37	3	46	7	58	9	68	12	76	17	96	11	108	12	113	20	125	22	133	27
variant106	1	915	85	10	34	6	50	3	59	8	74	6	87	6	100	7	115	5	121	12	132	15	143	17
variant107	1	901	99	10	35	5	47	6	60	7	63	17	78	15	94	13	112	8	119	14	129	18	143	17
variant108	1	907	93	10	36	4	46	7	57	10	72	8	86	7	103	4	101	19	131	2	136	11	139	21
variant109	1	888	112	10	33	7	49	4	61	6	72	8	84	9	93	14	96	24	122	11	127	20	140	20
variant110	1	877	123	10	36	4	47	6	58	9	70	10	73	20	79	28	103	17	123	10	133	14	136	24
variant111	1	922	78	10	35	5	49	4	64	3	73	7	85	8	99	8	110	10	130	3	139	8	154	6
variant112	1	885	115	10	36	4	52	1	60	7	72	8	82	11	94	13	102	18	113	20	126	21	146	14
variant113	1	932	68	10	37	3	52	1	65	2	77	3	83	10	94	13	113	7	132	1	138	9	149	11
variant114	1	813	187	10	33	7	47	6	59	8	73	7	79	14	87	20	90	30	114	19	124	23	137	23
variant115	1	865	135	10	35	5	45	8	57	10	74	6	80	13	99	8	111	9	116	17	127	20	139	21
variant116	1	910	90	10	32	8	50	3	58	9	74	6	79	14	94	13	106	14	115	18	128	19	141	19
variant117	1	879	121	10	35	5	42	11	58	9	66	14	83	10	86	21	109	11	109	24	117	30	132	28
variant118	1	887	113	10	34	6	49	4	58	9	68	12	82	11	91	16	110	10	127	6	131	16	146	14
variant119	1	748	252	10	35	5	31	22	52	15	59	21	67	26	92	15	87	33	97	36	118	29	120	40
variant120	1	834	166	10	31	9	44	9	57	10	68	12	74	19	80	27	105	15	116	17	126	21	127	33
variant121	1	865	135	10	35	5	40	13	62	5	68	12	79	14	84	23	99	21	114	19	117	30	145	15
variant122	1	857	143	10	36	4	44	9	58	9	61	19	78	15	88	19	103	17	111	22	123	24	135	25
variant123	1	846	154	10	31	9	49	4	56	11	66	14	75	18	82	25	101	19	109	24	117	30	137	23
variant124	1	905	95	10	35	5	45	8	50	17	70	10	66	27	94	13	103	17	111	22	134	13	139	21
variant125	1	914	86	10	38	2	50	3	60	7	71	9	88	5	95	12	102	18	125	8	137	10	135	25
variant126	1	913	87	10	37	3	47	6	65	2	70	10	88	5	101	6	112	8	125	8	132	15	154	6
variant127	1	894	106	10	32	8	47	6	60	7	67	13	80	13	99	8	106	14	118	15	115	32	144	16
variant128	1	848	152	10	39	1	41	12	57	10	72	8	82	11	92	15	105	15	116	17	132	15	138	22
variant129	1	886	114	10	38	2	47	6	59	8	68	12	87	6	92	15	111	9	114	19	134	13	147	13
variant130	1	883	117	10	28	12	51	2	61	6	67	13	76	17	86	21	103	17	120	13	130	17	145	15
variant131	1	961	39	10	36	4	47	6	67	0	74	6	88	5	103	4	116	4	129	4	141	6	151	9
variant132	1	869	131	10	35	5	47	6	62	5	65	15	79	14	98	9	112	8	115	18	135	12	145	15
variant133	1	877	123	10	36	4	48	5	60	7	74	6	80	13	95	12	100	20	115	18	132	15	137	23
variant134	1	923	77	10	35	5	50	3	62	5	78	2	91	2	94	13	117	3	125	8	138	9	143	17
variant135	1	823	177	10	31	9	43	10	55	12	59	21	73	20	81	26	88	32	110	23	112	35	134	26
variant136	1	895	105	10	36	4	45	8	56	11	72	8	84	9	97	10	100	20	116	17	128	19	128	32
variant137	1	893	107	10	36	4	46	7	58	9	72	8	80	13	94	13	111	9	128	5	122	25	146	14
variant138	1	894	106	10	37	3	45	8	60	7	72	8	88	5	93	14	109	11	112	21	127	20	140	20
variant139	1	842	158	10	36	4	50	3	53	14	73	7	79	14	98	9	103	17	109	24	115	32	135	25
variant140	1	898	102	10	33	7	44	9	61	6	68	12	74	19	99	8	103	17	127	6	138	9	136	24
variant141	1	918	82	10	36	4	49	4	58	9	78	2	90	3	97	10	111	9	122	11	121	26	144	16
variant142	1	900	100	10	37	3	52	1	60	7	76	4	82	11	95	12	105	15	127	6	132	15	138	22
variant143	1	898	102	10	36	4	46	7	51	16	73	7	85	8	91	16	109	11	121	12	131	16	148	12
variant144	1	937	63	10	35	5	49	4	67	0	75	5	86	7	101	6	110	10	127	6	144	3	151	9
variant145	1	929	71	10	38	2	44	9	59	8	74	6	81	12	98	9	116	4	122	11	139	8	142	18
variant146	1	821	179	10	30	10	40	13	57	10	60	20	84	9	76	31	98	22	101	32	106	41	131	29
variant147	1	919	81	10	32	8	51	2	62	5	72	8	88	5	96	11	103	17	117	16	139	8	147	13
variant148	1	913	87	10	36	4	47	6	60	7	73	7	89	4	92	15	114	6	123	10	129	18	136	24
variant149	1	864	136	10	35	5	50	3	63	4	72	8	71	22	96	11	107	13	110	23	133	14	143	17
variant150	1	880	120	10	36	4	46	7	62	5	70	10	86	7	92	15	102	18	109	24	136	11	152	8
variant151	1	902	98	10	38	2	48	5	64	3	70	10	83	10	97	10	112	8	123	10	130	17	140	20
variant152	1	889	111	10	38	2	47	6	59	8	68	12	81	12	95	12	105	15	126	7	131	16	147	13
variant153	1	914	86	10	37	3	52	1	63	4	74	6	84	9	101	6	108	12	122	11	140	7	151	9
variant154	1	887	113	10	36	4	44	9	60	7	72	8	79	14	101	6	109	11	123	10	136	11	152	8
variant155	1	920	80	10	37	3	48	5	63	4	73	7	87	6	101	6	116	4	127	6	124	23	145	15
variant156	1	936	64	10	36	4	51	2	64	3	73	7	89	4	96	11	110	10	125	8	133	14	155	5
variant157	1	895	105	10	34	6	50	3	60	7	74	6	81	12	95	12	106	14	126	7	128	19	133	27
variant158	1	902	98	10	34	6	50	3	62	5	70	10	81	12	93	14	110	10	120	13	128	19	146	14
variant159	1	831	169	10	39	1	40	13	55	12	75	5	77	16	85	22	95	25	101	32	120	27	130	30
variant160	1	936	64	10	34	6	46	7	61	6	64	16	81	12	98	9	110	10	120	13	136	11	151	9
variant161	1	904	96	10	34	6	46	7	58	9	70	10	84	9	93	14	104	16	115	18	121	26	140	20
variant162	1	811	189	10	32	8	46	7	56	11	63	17	76	17	86	21	99	21	110	23	126	21	130	30
variant163	1	876	124	10	36	4	50	3	59	8	63	17	82	11	87	20	103	17	126	7	121	26	140	20
variant164	1	896	104	10	37	3	46	7	65	2	72	8	81	12	95	12	111	9	110	23	134	13	145	15
variant165	1	902	98	10	32	8	48	5	63	4	77	3	84	9	94	13	112	8	121	12	139	8	130	30
variant166	1	900	100	10	33	7	47	6	47	20	72	8	79	14	102	5	103	17	115	18	136	11	147	13
variant167	1	910	90	10	37	3	41	12	62	5	75	5	87	6	95	12	106	14	119	14	135	12	147	13
variant168	1	871	129	10	37	3	49	4	57	10	65	15	80	13	96	11	106	14	114	19	122	25	137	23
variant169	1	912	88	10	38	2	51	2	61	6	72	8	88	5	85	22	113	7	127	6	135	12	141	19
variant170	1	886	114	10	37	3	44	9	61	6	67	13	79	14	95	12	110	10	121	12	134	13	154	6
variant171	1	847	153	10	29	11	46	7	57	10	69	11	85	8	94	13	91	29	123	10	128	19	142	18
variant172	1	883	117	10	36	4	47	6	58	9	70	10	86	7	101	6	108	12	124	9	126	21	141	19
variant173	1	828	172	10	38	2	47	6	56	11	73	7	74	19	83	24	102	18	100	33	129	18	135	25
variant174	1	895	105	10	34	6	49	4	60	7	77	3	82	11	99	8	108	12	125	8	142	5	148	12
variant175	1	938	62	10	37	3	49	4	62	5	74	6	88	5	95	12	117	3	123	10	136	11	139	21
variant176	1	872	128	10	36	4	51	2	64	3	66	14	77	16	102	5	103	17	115	18	123	24	148	12
variant177	1	880	120	10	35	5	44	9	64	3	67	13	84	9	96	11	102	18	125	8	133	14	139	21
variant178	1	829	171	10	34	6	46	7	59	8	73	7	79	14	87	20	97	23	115	18	120	27	137	23
variant179	1	932	68	10	39	1	48	5	67	0	76	4	88	5	99	8	115	5	129	4	138	9	152	8
variant180	1	873	127	10	31	9	43	10	59	8	73	7	81	12	92	15	105	15	111	22	121	26	128	32
variant181	1	937	63	10	33	7	46	7	61	6	77	3	89	4	97	10	109	11	114	19	138	9	149	11
variant182	1	894	106	10	33	7	44	9	60	7	72	8	79	14	92	15	106	14	124	9	130	17	132	28
variant183	1	887	113	10	34	6	49	4	57	10	77	3	86	7	94	13	105	15	110	23	137	10	150	10
variant184	1	818	182	10	30	10	46	7	55	12	58	22	72	21	92	15	92	28	101	32	125	22	133	27
variant185	1	888	112	10	32	8	49	4	53	14	69	11	80	13	95	12	108	12	118	15	136	11	144	16
variant186	1	898	102	10	37	3	45	8	64	3	64	16	81	12	97	10	105	15	119	14	138	9	145	15
variant187	1	894	106	10	35	5	47	6	58	9	69	11	74	19	104	3	109	11	120	13	127	20	132	28
variant188	1	900	100	10	36	4	47	6	60	7	71	9	77	16	99	8	113	7	125	8	131	16	135	25
variant189	1	876	124	10	36	4	46	7	61	6	74	6	81	12	93	14	107	13	121	12	131	16	140	20
variant190	1	870	130	10	33	7	47	6	60	7	74	6	86	7	93	14	108	12	116	17	123	24	139	21
variant191	1	927	73	10	37	3	50	3	60	7	76	4	90	3	100	7	110	10	116	17	145	2	156	4
variant192	1	886	114	10	31	9	48	5	63	4	62	18	76	17	97	10	103	17	124	9	127	20	135	25
variant193	1	906	94	10	33	7	45	8	60	7	75	5	84	9	96	11	111	9	129	4	132	15	143	17
variant194	1	897	103	10	34	6	50	3	65	2	72	8	78	15	94	13	108	12	123	10	134	13	140	20
variant195	1	971	29	10	40	0	50	3	66	1	71	9	91	2	96	11	112	8	124	9	133	14	153	7
variant196	1	820	180	10	29	11	41	12	60	7	62	18	77	16	83	24	96	24	111	22	115	32	139	21
variant197	1	905	95	10	33	7	47	6	59	8	67	13	77	16	87	20	102	18	112	21	142	5	143	17
variant198	1	894	106	10	33	7	50	3	60	7	74	6	79	14	92	15	110	10	113	20	126	21	133	27
variant199	1	796	204	10	33	7	45	8	54	13	67	13	73	20	84	23	99	21	113	20	120	27	125	35
variant200	1	847	153	10	37	3	41	12	59	8	70	10	86	7	94	13	104	16	118	15	120	27	143	17
variant201	1	905	95	10	35	5	47	6	64	3	79	1	81	12	100	7	103	17	123	10	131	16	150	10
variant202	1	865	135	10	34	6	44	9	63	4	64	16	84	9	96	11	102	18	111	22	125	22	147	13
variant203	1	950	50	10	39	1	49	4	63	4	80	0	86	7	100	7	112	8	130	3	138	9	149	11
variant204	1	931	69	10	35	5	49	4	63	4	75	5	91	2	93	14	111	9	126	7	134	13	148	12
variant205	1	877	123	10	37	3	39	14	61	6	68	12	80	13	94	13	114	6	118	15	131	16	135	25
variant206	1	874	126	10	32	8	45	8	59	8	71	9	82	11	88	19	104	16	116	17	127	20	141	19
variant207	1	920	80	10	39	1	48	5	66	1	75	5	81	12	97	10	113	7	125	8	126	21	155	5
variant208	1	870	130	10	31	9	43	10	52	15	72	8	81	12	85	22	108	12	111	22	125	22	125	35
variant209	1	871	129	10	37	3	53	0	55	12	73	7	79	14	96	11	104	16	113	20	131	16	152	8
variant210	1	873	127	10	35	5	48	5	58	9	74	6	80	13	88	19	107	13	114	19	132	15	153	7
variant211	1	941	59	10	37	3	50	3	61	6	78	2	91	2	93	14	112	8	119	14	141	6	151	9
variant212	1	889	111	10	35	5	50	3	58	9	68	12	76	17	97	10	103	17	123	10	130	17	140	20
variant213	1	945	55	10	40	0	52	1	64	3	74	6	88	5	106	1	109	11	128	5	139	8	148	12
variant214	1	852	148	10	36	4	47	6	58	9	59	21	79	14	90	17	95	25	109	24	125	22	135	25
variant215	1	902	98	10	33	7	53	0	61	6	65	15	81	12	101	6	110	10	118	15	133	14	143	17
variant216	1	937	63	10	40	0	49	4	64	3	66	14	90	3	93	14	112	8	121	12	131	16	153	7
variant217	1	856	144	10	31	9	42	11	57	10	73	7	80	13	89	18	106	14	111	22	122	25	133	27
variant218	1	872	128	10	33	7	46	7	58	9	71	9	86	7	87	20	104	16	120	13	125	22	130	30
variant219	1	908	92	10	39	1	48	5	56	11	71	9	87	6	94	13	100	20	119	14	133	14	141	19
variant220	1	937	63	10	37	3	48	5	65	2	77	3	88	5	99	8	112	8	122	11	136	11	144	16
variant221	1	867	133	10	34	6	48	5	63	4	62	18	81	12	89	18	101	19	119	14	130	17	143	17
variant222	1	872	128	10	37	3	46	7	62	5	71	9	85	8	96	11	109	11	121	12	131	16	152	8
variant223	1	929	71	10	37	3	48	5	64	3	73	7	80	13	97	10	113	7	127	6	137	10	154	6
variant224	1	897	103	10	35	5	44	9	56	11	65	15	83	10	94	13	98	22	110	23	135	12	140	20
variant225	1	863	137	10	37	3	37	16	60	7	74	6	88	5	96	11	105	15	122	11	125	22	141	19
variant226	1	918	82	10	36	4	45	8	62	5	78	2	84	9	94	13	111	9	127	6	139	8	156	4
variant227	1	865	135	10	36	4	49	4	56	11	69	11	78	15	96	11	103	17	114	19	130	17	145	15
variant228	1	887	113	10	31	9	47	6	56	11	73	7	83	10	96	11	103	17	113	20	130	17	138	22
variant229	1	926	74	10	33	7	47	6	57	10	73	7	85	8	99	8	115	5	120	13	137	10	149	11
variant230	1	922	78	10	37	3	50	3	56	11	69	11	77	16	98	9	105	15	130	3	133	14	148	12
variant231	1	834	166	10	34	6	44	9	53	14	60	20	81	12	82	25	94	26	119	14	119	28	133	27
variant232	1	899	101	10	35	5	47	6	59	8	68	12	82	11	98	9	104	16	123	10	126	21	149	11
variant233	1	887	113	10	37	3	50	3	56	11	76	4	76	17	95	12	103	17	111	22	119	28	142	18
variant234	1	848	152	10	39	1	46	7	55	12	65	15	80	13	85	22	109	11	102	31	121	26	137	23
variant235	1	878	122	10	36	4	45	8	59	8	72	8	78	15	97	10	106	14	115	18	128	19	147	13
variant236	1	922	78	10	39	1	52	1	55	12	72	8	89	4	90	17	112	8	122	11	137	10	155	5
variant237	1	820	180	10	35	5	41	12	51	16	58	22	77	16	86	21	88	32	112	21	119	28	126	34
variant238	1	910	90	10	35	5	48	5	59	8	69	11	82	11	102	5	115	5	120	13	142	5	147	13
variant239	1	881	119	10	36	4	44	9	52	15	69	11	86	7	88	19	100	20	113	20	118	29	139	21
variant240	1	935	65	10	35	5	47	6	63	4	76	4	89	4	104	3	114	6	125	8	143	4	150	10
variant241	1	926	74	10	32	8	52	1	63	4	74	6	82	11	100	7	103	17	117	16	132	15	146	14
variant242	1	915	85	10	35	5	49	4	63	4	70	10	79	14	90	17	104	16	116	17	132	15	147	13
variant243	1	912	88	10	39	1	46	7	65	2	75	5	88	5	97	10	116	4	124	9	144	3	147	13
variant244	1	898	102	10	35	5	48	5	60	7	66	14	83	10	91	16	98	22	118	15	134	13	145	15
variant245	1	831	169	10	33	7	46	7	57	10	64	16	75	18	88	19	98	22	115	18	119	28	129	31
variant246	1	894	106	10	38	2	44	9	60	7	69	11	80	13	102	5	110	10	122	11	132	15	142	18
variant247	1	943	57	10	39	1	51	2	65	2	71	9	81	12	99	8	104	16	124	9	146	1	150	10
variant248	1	830	170	10	36	4	42	11	51	16	60	20	71	22	88	19	106	14	110	23	122	25	137	23
variant249	1	871	129	10	31	9	48	5	52	15	66	14	77	16	98	9	102	18	113	20	127	20	148	12
variant250	1	902	98	10	33	7	45	8	63	4	72	8	83	10	101	6	105	15	115	18	132	15	141	19
variant251	1	877	123	10	36	4	48	5	61	6	66	14	89	4	90	17	90	30	121	12	126	21	129	31
variant252	1	857	143	10	39	1	46	7	50	17	72	8	76	17	93	14	107	13	119	14	120	27	139	21
variant253	1	877	123	10	30	10	48	5	60	7	72	8	86	7	96	11	101	19	111	22	135	12	136	24
variant254	1	940	60	10	38	2	48	5	60	7	77	3	91	2	102	5	112	8	122	11	136	11	152	8
variant255	1	905	95	10	35	5	41	12	61	6	66	14	86	7	93	14	109	11	124	9	130	17	142	18
variant256	1	919	81	10	38	2	49	4	61	6	71	9	82	11	88	19	111	9	109	24	125	22	152	8
variant257	1	931	69	10	37	3	51	2	63	4	70	10	88	5	101	6	104	16	113	20	132	15	148	12
variant258	1	926	74	10	35	5	46	7	63	4	69	11	85	8	98	9	96	24	117	16	134	13	143	17
variant259	1	883	117	10	35	5	42	11	51	16	71	9	81	12	98	9	110	10	111	22	135	12	141	19
variant260	1	909	91	10	35	5	51	2	58	9	70	10	82	11	96	11	94	26	125	8	125	22	148	12
variant261	1	915	85	10	35	5	46	7	64	3	73	7	86	7	96	11	99	21	111	22	128	19	137	23
variant262	1	932	68	10	36	4	51	2	65	2	77	3	85	8	103	4	114	6	126	7	133	14	155	5
variant263	1	926	74	10	29	11	49	4	65	2	76	4	81	12	95	12	108	12	106	27	139	8	147	13
variant264	1	928	72	10	32	8	49	4	64	3	70	10	87	6	101	6	110	10	120	13	140	7	146	14
variant265	1	903	97	10	35	5	48	5	58	9	71	9	81	12	100	7	107	13	116	17	114	33	149	11
variant266	1	908	92	10	39	1	48	5	60	7	69	11	81	12	93	14	105	15	117	16	133	14	152	8
variant267	1	833	167	10	35	5	48	5	57	10	66	14	81	12	87	20	104	16	121	12	126	21	125	35
variant268	1	892	108	10	36	4	48	5	63	4	68	12	78	15	95	12	104	16	125	8	126	21	141	19
variant269	1	916	84	10	34	6	48	5	62	5	69	11	84	9	94	13	109	11	127	6	137	10	143	17
variant270	1	897	103	10	33	7	43	10	58	9	76	4	90	3	93	14	110	10	111	22	123	24	141	19
variant271	1	906	94	10	36	4	44	9	65	2	75	5	86	7	98	9	98	22	122	11	135	12	134	26
variant272	1	892	108	10	34	6	51	2	64	3	76	4	76	17	86	21	103	17	117	16	126	21	150	10
variant273	1	890	110	10	35	5	49	4	56	11	72	8	85	8	97	10	102	18	123	10	139	8	142	18
variant274	1	857	143	10	33	7	49	4	61	6	67	13	78	15	82	25	107	13	114	19	129	18	134	26
variant275	1	894	106	10	37	3	42	11	64	3	61	19	81	12	92	15	108	12	118	15	139	8	152	8
variant276	1	896	104	10	35	5	49	4	61	6	73	7	83	10	96	11	114	6	113	20	137	10	144	16
variant277	1	900	100	10	36	4	45	8	62	5	73	7	80	13	98	9	102	18	129	4	132	15	152	8
variant278	1	901	99	10	34	6	49	4	64	3	71	9	79	14	97	10	101	19	128	5	133	14	148	12
variant279	1	919	81	10	34	6	45	8	62	5	73	7	84	9	98	9	112	8	117	16	132	15	130	30
variant280	1	904	96	10	39	1	48	5	57	10	72	8	90	3	94	13	110	10	115	18	134	13	139	21
variant281	1	910	90	10	37	3	49	4	63	4	69	11	82	11	92	15	104	16	120	13	138	9	141	19
variant282	1	872	128	10	37	3	43	10	65	2	66	14	79	14	81	26	101	19	109	24	135	12	148	12
variant283	1	921	79	10	35	5	48	5	62	5	71	9	81	12	100	7	113	7	117	16	117	30	144	16
variant284	1	874	126	10	33	7	42	11	54	13	67	13	81	12	95	12	109	11	126	7	127	20	149	11
variant285	1	922	78	10	39	1	49	4	61	6	75	5	84	9	99	8	107	13	119	14	137	10	149	11
variant286	1	855	145	10	35	5	47	6	56	11	67	13	81	12	87	20	105	15	114	19	128	19	133	27
variant287	1	908	92	10	36	4	50	3	61	6	78	2	80	13	94	13	106	14	116	17	131	16	138	22
variant288	1	876	124	10	32	8	42	11	62	5	73	7	82	11	89	18	104	16	122	11	132	15	140	20
variant289	1	916	84	10	36	4	48	5	64	3	76	4	83	10	89	18	114	6	120	13	138	9	150	10
variant290	1	907	93	10	34	6	48	5	60	7	70	10	77	16	90	17	105	15	121	12	139	8	145	15
variant291	1	870	130	10	33	7	40	13	53	14	71	9	86	7	95	12	108	12	108	25	132	15	130	30
variant292	1	832	168	10	30	10	44	9	53	14	69	11	77	16	90	17	83	37	117	16	116	31	133	27
variant293	1	934	66	10	36	4	48	5	61	6	73	7	75	18	92	15	101	19	116	17	135	12	144	16
variant294	1	860	140	10	33	7	49	4	60	7	68	12	84	9	98	9	102	18	111	22	135	12	146	14
variant295	1	843	157	10	36	4	48	5	55	12	66	14	79	14	92	15	111	9	110	23	132	15	138	22
variant296	1	826	174	10	35	5	40	13	63	4	65	15	72	21	82	25	104	16	96	37	116	31	121	39
variant297	1	925	75	10	38	2	50	3	62	5	70	10	79	14	100	7	110	10	121	12	142	5	148	12
variant298	1	930	70	10	36	4	51	2	63	4	77	3	90	3	100	7	107	13	123	10	135	12	153	7
variant299	1	876	124	10	33	7	47	6	61	6	64	16	83	10	95	12	117	3	128	5	139	8	147	13
variant300	1	919	81	10	40	0	48	5	61	6	70	10	86	7	97	10	102	18	113	20	133	14	148	12
variant301	1	905	95	10	38	2	50	3	62	5	66	14	84	9	93	14	106	14	118	15	122	25	155	5
variant302	1	887	113	10	33	7	45	8	58	9	75	5	85	8	98	9	107	13	119	14	135	12	151	9
variant303	1	889	111	10	38	2	44	9	54	13	67	13	85	8	91	16	109	11	127	6	133	14	133	27
variant304	1	923	77	10	35	5	49	4	62	5	71	9	79	14	96	11	115	5	126	7	133	14	149	11
variant305	1	880	120	10	34	6	46	7	61	6	67	13	85	8	90	17	103	17	117	16	131	16	149	11
variant306	1	908	92	10	35	5	44	9	62	5	66	14	87	6	96	11	111	9	121	12	133	14	135	25
variant307	1	869	131	10	34	6	49	4	61	6	68	12	74	19	93	14	97	23	115	18	123	24	128	32
variant308	1	909	91	10	38	2	51	2	63	4	68	12	81	12	98	9	105	15	114	19	141	6	140	20
variant309	1	846	154	10	29	11	44	9	60	7	76	4	74	19	93	14	106	14	116	17	125	22	129	31
variant310	1	908	92	10	36	4	45	8	63	4	73	7	86	7	97	10	108	12	127	6	130	17	143	17
variant311	1	881	119	10	38	2	41	12	60	7	69	11	74	19	96	11	99	21	124	9	131	16	142	18
variant312	1	910	90	10	36	4	47	6	62	5	73	7	85	8	90	17	113	7	122	11	122	25	141	19
variant313	1	905	95	10	38	2	49	4	65	2	73	7	80	13	97	10	111	9	122	11	138	9	142	18
variant314	1	817	183	10	32	8	45	8	65	2	69	11	76	17	78	29	89	31	112	21	123	24	125	35
variant315	1	925	75	10	37	3	45	8	64	3	76	4	91	2	90	17	111	9	118	15	134	13	142	18
variant316	1	878	122	10	37	3	45	8	53	14	74	6	78	15	91	16	94	26	114	19	124	23	142	18
variant317	1	874	126	10	35	5	41	12	62	5	66	14	79	14	97	10	102	18	106	27	133	14	142	18
variant318	1	874	126	10	32	8	44	9	55	12	67	13	85	8	95	12	102	18	124	9	137	10	146	14
variant319	1	907	93	10	37	3	47	6	62	5	71	9	87	6	102	5	107	13	128	5	136	11	147	13
variant320	1	913	87	10	35	5	49	4	63	4	67	13	84	9	94	13	112	8	123	10	135	12	146	14
variant321	1	868	132	10	35	5	36	17	56	11	70	10	85	8	98	9	101	19	120	13	117	30	146	14
variant322	1	957	43	10	40	0	52	1	63	4	76	4	83	10	105	2	117	3	126	7	135	12	149	11
variant323	1	863	137	10	35	5	47	6	55	12	69	11	91	2	98	9	97	23	118	15	129	18	141	19
variant324	1	902	98	10	38	2	49	4	56	11	63	17	77	16	99	8	101	19	119	14	129	18	131	29
variant325	1	864	136	10	39	1	47	6	59	8	65	15	82	11	84	23	100	20	117	16	125	22	145	15
variant326	1	841	159	10	33	7	42	11	61	6	63	17	78	15	80	27	112	8	109	24	117	30	134	26
variant327	1	828	172	10	29	11	40	13	57	10	69	11	80	13	89	18	97	23	103	30	124	23	137	23
variant328	1	886	114	10	34	6	46	7	57	10	65	15	78	15	97	10	111	9	121	12	130	17	136	24
variant329	1	925	75	10	36	4	50	3	65	2	64	16	83	10	98	9	109	11	123	10	131	16	144	16
variant330	1	886	114	10	34	6	45	8	56	11	74	6	77	16	90	17	111	9	116	17	125	22	139	21
variant331	1	844	156	10	34	6	48	5	58	9	65	15	77	16	93	14	105	15	114	19	123	24	128	32
variant332	1	930	70	10	37	3	50	3	65	2	77	3	88	5	101	6	106	14	126	7	142	5	152	8
variant333	1	911	89	10	34	6	46	7	51	16	72	8	86	7	97	10	106	14	124	9	140	7	144	16
variant334	1	876	124	10	33	7	42	11	58	9	70	10	83	10	93	14	102	18	121	12	139	8	130	30
variant335	1	891	109	10	36	4	51	2	62	5	63	17	83	10	97	10	101	19	121	12	135	12	144	16
variant336	1	867	133	10	36	4	43	10	57	10	66	14	78	15	98	9	107	13	129	4	138	9	138	22
variant337	1	913	87	10	35	5	49	4	61	6	68	12	83	10	91	16	103	17	116	17	134	13	149	11
variant338	1	874	126	10	37	3	49	4	54	13	68	12	77	16	95	12	108	12	114	19	132	15	141	19
variant339	1	800	200	10	33	7	46	7	57	10	67	13	70	23	81	26	108	12	99	34	112	35	131	29
variant340	1	867	133	10	35	5	47	6	60	7	68	12	83	10	85	22	106	14	102	31	113	34	137	23
variant341	1	924	76	10	35	5	48	5	64	3	65	15	85	8	100	7	108	12	122	11	125	22	149	11
variant342	1	911	89	10	36	4	51	2	57	10	74	6	83	10	92	15	102	18	120	13	132	15	152	8
variant343	1	911	89	10	33	7	45	8	62	5	74	6	86	7	94	13	102	18	116	17	134	13	145	15
variant344	1	898	102	10	34	6	46	7	59	8	69	11	77	16	89	18	112	8	118	15	131	16	139	21
variant345	1	867	133	10	33	7	42	11	59	8	66	14	77	16	94	13	100	20	108	25	132	15	137	23
variant346	1	881	119	10	34	6	47	6	57	10	65	15	81	12	96	11	104	16	105	28	126	21	147	13
variant347	1	907	93	10	38	2	49	4	63	4	74	6	78	15	97	10	111	9	122	11	128	19	145	15
variant348	1	861	139	10	32	8	47	6	51	16	69	11	87	6	96	11	104	16	117	16	124	23	146	14
variant349	1	922	78	10	33	7	46	7	62	5	70	10	79	14	93	14	101	19	105	28	137	10	141	19
variant350	1	887	113	10	35	5	50	3	57	10	73	7	88	5	95	12	106	14	123	10	126	21	143	17
variant351	1	883	117	10	35	5	44	9	58	9	71	9	79	14	93	14	91	29	106	27	141	6	143	17
variant352	1	857	143	10	35	5	47	6	61	6	65	15	76	17	91	16	100	20	112	21	125	22	136	24
variant353	1	921	79	10	35	5	50	3	62	5	74	6	72	21	97	10	110	10	124	9	132	15	151	9
variant354	1	935	65	10	38	2	48	5	64	3	70	10	84	9	94	13	106	14	126	7	140	7	149	11
variant355	1	870	130	10	39	1	50	3	58	9	70	10	79	14	92	15	112	8	115	18	123	24	143	17
variant356	1	857	143	10	34	6	48	5	58	9	69	11	80	13	87	20	108	12	113	20	125	22	134	26
variant357	1	927	73	10	32	8	51	2	61	6	76	4	84	9	102	5	116	4	116	17	123	24	151	9
variant358	1	890	110	10	35	5	52	1	58	9	72	8	82	11	100	7	110	10	117	16	131	16	147	13
variant359	1	912	88	10	36	4	50	3	64	3	75	5	85	8	95	12	110	10	114	19	136	11	153	7
variant360	1	817	183	10	31	9	49	4	55	12	68	12	72	21	90	17	88	32	100	33	118	29	138	22
variant361	1	910	90	10	38	2	45	8	56	11	70	10	83	10	95	12	110	10	115	18	131	16	147	13
variant362	1	922	78	10	38	2	51	2	60	7	80	0	87	6	105	2	100	20	127	6	135	12	147	13
variant363	1	819	181	10	33	7	44	9	57	10	57	23	84	9	91	16	87	33	111	22	118	29	134	26
variant364	1	895	105	10	33	7	50	3	65	2	68	12	83	10	94	13	116	4	118	15	141	6	141	19
variant365	1	943	57	10	38	2	51	2	58	9	77	3	85	8	102	5	114	6	125	8	135	12	144	16
variant366	1	940	60	10	39	1	47	6	61	6	76	4	86	7	100	7	110	10	126	7	133	14	142	18
variant367	1	905	95	10	38	2	48	5	57	10	73	7	83	10	99	8	108	12	120	13	133	14	150	10
variant368	1	893	107	10	33	7	41	12	56	11	72	8	80	13	93	14	96	24	119	14	122	25	137	23
variant369	1	864	136	10	36	4	42	11	63	4	73	7	86	7	96	11	105	15	111	22	133	14	136	24
variant370	1	881	119	10	38	2	45	8	62	5	64	16	84	9	93	14	103	17	111	22	123	24	135	25
variant371	1	809	191	10	38	2	45	8	57	10	65	15	78	15	85	22	95	25	101	32	115	32	131	29
variant372	1	927	73	10	37	3	48	5	64	3	75	5	87	6	102	5	115	5	124	9	141	6	152	8
variant373	1	913	87	10	32	8	49	4	64	3	75	5	88	5	98	9	109	11	114	19	141	6	144	16
variant374	1	908	92	10	37	3	44	9	64	3	71	9	87	6	92	15	113	7	122	11	139	8	145	15
variant375	1	922	78	10	35	5	50	3	61	6	68	12	79	14	95	12	111	9	122	11	137	10	147	13
variant376	1	844	156	10	35	5	45	8	55	12	71	9	82	11	91	16	103	17	118	15	130	17	130	30
variant377	1	900	100	10	34	6	45	8	56	11	71	9	87	6	96	11	106	14	116	17	135	12	140	20
variant378	1	812	188	10	36	4	44	9	55	12	60	20	81	12	79	28	104	16	107	26	119	28	130	30
variant379	1	888	112	10	36	4	47	6	58	9	71	9	82	11	89	18	104	16	104	29	134	13	145	15
variant380	1	879	121	10	36	4	48	5	62	5	73	7	79	14	97	10	98	22	122	11	131	16	139	21
variant381	1	900	100	10	35	5	45	8	55	12	73	7	83	10	92	15	106	14	105	28	130	17	146	14
variant382	1	887	113	10	36	4	49	4	61	6	77	3	86	7	94	13	107	13	110	23	134	13	147	13
variant383	1	935	65	10	35	5	51	2	66	1	75	5	87	6	99	8	116	4	120	13	140	7	146	14
variant384	1	906	94	10	37	3	45	8	61	6	68	12	84	9	89	18	97	23	123	10	139	8	147	13
variant385	1	925	75	10	37	3	44	9	59	8	78	2	83	10	92	15	110	10	124	9	129	18	148	12
variant386	1	932	68	10	38	2	47	6	66	1	74	6	84	9	95	12	105	15	129	4	135	12	152	8
variant387	1	823	177	10	31	9	37	16	58	9	56	24	72	21	90	17	98	22	101	32	119	28	127	33
variant388	1	870	130	10	39	1	46	7	62	5	74	6	79	14	84	23	103	17	114	19	127	20	127	33
variant389	1	916	84	10	38	2	49	4	66	1	77	3	84	9	89	18	110	10	119	14	133	14	145	15
variant390	1	880	120	10	36	4	47	6	54	13	70	10	78	15	83	24	103	17	116	17	128	19	145	15
variant391	1	787	213	10	29	11	38	15	46	21	69	11	78	15	81	26	96	24	111	22	103	44	118	42
variant392	1	817	183	10	31	9	41	12	49	18	62	18	71	22	91	16	93	27	100	33	123	24	138	22
variant393	1	885	115	10	32	8	47	6	61	6	69	11	79	14	95	12	105	15	121	12	128	19	146	14
variant394	1	871	129	10	38	2	45	8	57	10	70	10	80	13	95	12	98	22	113	20	127	20	142	18
variant395	1	852	148	10	36	4	43	10	53	14	66	14	67	26	92	15	98	22	109	24	127	20	126	34
variant396	1	883	117	10	36	4	42	11	62	5	73	7	85	8	87	20	113	7	119	14	141	6	138	22
variant397	1	853	147	10	38	2	51	2	60	7	71	9	79	14	93	14	103	17	113	20	130	17	130	30
variant398	1	811	189	10	34	6	45	8	46	21	62	18	71	22	81	26	103	17	102	31	130	17	129	31
variant399	1	850	150	10	33	7	46	7	54	13	71	9	70	23	100	7	109	11	114	19	125	22	126	34
variant400	1	886	114	10	34	6	49	4	66	1	72	8	88	5	95	12	101	19	117	16	133	14	141	19
variant401	1	824	176	10	37	3	48	5	55	12	69	11	67	26	87	20	99	21	103	30	116	31	132	28
variant402	1	929	71	10	32	8	47	6	62	5	72	8	83	10	97	10	108	12	119	14	134	13	147	13
variant403	1	894	106	10	38	2	46	7	62	5	72	8	80	13	94	13	100	20	106	27	117	30	140	20
variant404	1	888	112	10	32	8	45	8	59	8	72	8	78	15	96	11	93	27	122	11	125	22	136	24
variant405	1	895	105	10	37	3	46	7	58	9	70	10	88	5	94	13	106	14	114	19	132	15	130	30
variant406	1	887	113	10	35	5	52	1	64	3	74	6	90	3	89	18	112	8	125	8	129	18	144	16
variant407	1	862	138	10	35	5	48	5	58	9	69	11	78	15	99	8	102	18	114	19	122	25	144	16
variant408	1	877	123	10	34	6	50	3	64	3	62	18	84	9	95	12	109	11	124	9	137	10	137	23
variant409	1	920	80	10	40	0	47	6	59	8	71	9	83	10	99	8	114	6	125	8	138	9	147	13
variant410	1	921	79	10	38	2	47	6	62	5	69	11	87	6	95	12	109	11	127	6	125	22	138	22
variant411	1	927	73	10	34	6	47	6	64	3	75	5	86	7	99	8	114	6	128	5	136	11	138	22
variant412	1	924	76	10	34	6	43	10	63	4	76	4	83	10	100	7	111	9	123	10	133	14	144	16
variant413	1	858	142	10	32	8	49	4	57	10	64	16	81	12	99	8	95	25	115	18	123	24	145	15
variant414	1	860	140	10	31	9	53	0	59	8	67	13	79	14	80	27	101	19	122	11	110	37	138	22
variant415	1	930	70	10	40	0	51	2	66	1	76	4	88	5	97	10	113	7	106	27	131	16	153	7
variant416	1	918	82	10	36	4	47	6	58	9	69	11	81	12	100	7	113	7	117	16	131	16	147	13
variant417	1	939	61	10	35	5	51	2	62	5	71	9	87	6	101	6	116	4	117	16	140	7	146	14
variant418	1	936	64	10	38	2	52	1	64	3	74	6	90	3	92	15	107	13	119	14	143	4	144	16
variant419	1	859	141	10	32	8	46	7	63	4	65	15	87	6	88	19	104	16	124	9	134	13	144	16
variant420	1	856	144	10	35	5	48	5	61	6	65	15	77	16	99	8	106	14	120	13	123	24	113	47
variant421	1	842	158	10	40	0	49	4	58	9	66	14	75	18	90	17	108	12	104	29	124	23	134	26
variant422	1	968	32	10	38	2	53	0	65	2	77	3	85	8	103	4	110	10	126	7	135	12	156	4
variant423	1	841	159	10	34	6	46	7	52	15	62	18	77	16	85	22	101	19	105	28	124	23	133	27
variant424	1	935	65	10	33	7	51	2	66	1	75	5	88	5	101	6	112	8	128	5	142	5	155	5
variant425	1	931	69	10	39	1	46	7	63	4	74	6	86	7	102	5	108	12	129	4	128	19	148	12
variant426	1	906	94	10	35	5	51	2	61	6	71	9	88	5	91	16	112	8	122	11	138	9	150	10
variant427	1	923	77	10	37	3	47	6	63	4	71	9	81	12	96	11	111	9	123	10	132	15	143	17
variant428	1	906	94	10	38	2	48	5	59	8	67	13	84	9	94	13	111	9	117	16	140	7	142	18
variant429	1	889	111	10	35	5	47	6	61	6	69	11	90	3	85	22	102	18	120	13	121	26	141	19
variant430	1	911	89	10	35	5	49	4	55	12	73	7	87	6	94	13	104	16	118	15	137	10	147	13
variant431	1	921	79	10	32	8	45	8	62	5	76	4	88	5	99	8	108	12	115	18	128	19	137	23
variant432	1	872	128	10	31	9	42	11	61	6	68	12	81	12	90	17	106	14	110	23	135	12	144	16
variant433	1	884	116	10	35	5	47	6	59	8	63	17	81	12	89	18	104	16	106	27	121	26	144	16
variant434	1	908	92	10	35	5	47	6	60	7	68	12	83	10	100	7	110	10	119	14	133	14	143	17
variant435	1	835	165	10	31	9	45	8	52	15	67	13	78	15	87	20	98	22	110	23	132	15	129	31
variant436	1	920	80	10	38	2	51	2	64	3	72	8	87	6	97	10	109	11	115	18	120	27	151	9
variant437	1	890	110	10	34	6	42	11	62	5	71	9	72	21	99	8	107	13	119	14	125	22	145	15
variant438	1	920	80	10	38	2	43	10	63	4	77	3	81	12	103	4	108	12	121	12	131	16	149	11
variant439	1	960	40	10	40	0	48	5	59	8	70	10	90	3	94	13	99	21	124	9	137	10	148	12
variant440	1	891	109	10	38	2	41	12	65	2	76	4	83	10	100	7	108	12	108	25	133	14	140	20
variant441	1	900	100	10	34	6	50	3	60	7	76	4	84	9	94	13	113	7	124	9	127	20	139	21
variant442	1	852	148	10	36	4	44	9	61	6	73	7	79	14	95	12	106	14	116	17	123	24	133	27
variant443	1	873	127	10	36	4	47	6	57	10	71	9	75	18	100	7	104	16	118	15	121	26	139	21
variant444	1	915	85	10	34	6	48	5	63	4	75	5	84	9	102	5	108	12	119	14	135	12	142	18
variant445	1	786	214	10	33	7	47	6	49	18	59	21	73	20	79	28	90	30	110	23	112	35	135	25
variant446	1	871	129	10	37	3	43	10	59	8	72	8	87	6	93	14	100	20	119	14	126	21	141	19
variant447	1	896	104	10	38	2	48	5	59	8	70	10	81	12	99	8	100	20	126	7	141	6	142	18
variant448	1	875	125	10	36	4	46	7	58	9	71	9	77	16	98	9	106	14	117	16	130	17	140	20
variant449	1	807	193	10	35	5	44	9	51	16	62	18	80	13	82	25	112	8	114	19	127	20	136	24
variant450	1	905	95	10	39	1	49	4	64	3	72	8	87	6	94	13	96	24	116	17	126	21	133	27
variant451	1	950	50	10	37	3	47	6	61	6	77	3	87	6	96	11	112	8	123	10	136	11	150	10
variant452	1	872	128	10	38	2	45	8	60	7	66	14	80	13	89	18	107	13	120	13	136	11	150	10
variant453	1	914	86	10	37	3	47	6	60	7	70	10	90	3	99	8	109	11	127	6	135	12	145	15
variant454	1	900	100	10	35	5	47	6	58	9	74	6	76	17	97	10	107	13	113	20	134	13	140	20
variant455	1	859	141	10	34	6	46	7	61	6	68	12	75	18	87	20	99	21	114	19	129	18	137	23
variant456	1	882	118	10	35	5	49	4	57	10	73	7	82	11	94	13	110	10	121	12	132	15	132	28
variant457	1	850	150	10	36	4	47	6	60	7	72	8	72	21	90	17	104	16	113	20	128	19	126	34
variant458	1	875	125	10	37	3	45	8	58	9	71	9	80	13	95	12	104	16	120	13	132	15	130	30
variant459	1	894	106	10	35	5	49	4	58	9	74	6	81	12	95	12	104	16	120	13	130	17	135	25
variant460	1	946	54	10	40	0	50	3	61	6	72	8	89	4	103	4	111	9	123	10	143	4	147	13
variant461	1	877	123	10	31	9	47	6	61	6	70	10	76	17	95	12	118	2	111	22	116	31	132	28
variant462	1	905	95	10	37	3	49	4	52	15	73	7	87	6	101	6	102	18	109	24	129	18	143	17
variant463	1	879	121	10	32	8	36	17	61	6	70	10	79	14	97	10	108	12	108	25	134	13	126	34
variant464	1	873	127	10	32	8	48	5	61	6	70	10	80	13	100	7	103	17	116	17	124	23	142	18
variant465	1	860	140	10	35	5	48	5	58	9	56	24	81	12	92	15	100	20	116	17	135	12	137	23
variant466	1	896	104	10	39	1	49	4	66	1	77	3	82	11	98	9	110	10	126	7	122	25	146	14
variant467	1	911	89	10	36	4	45	8	65	2	70	10	84	9	97	10	106	14	124	9	135	12	150	10
variant468	1	821	179	10	29	11	38	15	60	7	66	14	76	17	82	25	96	24	109	24	125	22	135	25
variant469	1	867	133	10	36	4	45	8	61	6	69	11	83	10	94	13	104	16	121	12	133	14	142	18
variant470	1	882	118	10	32	8	49	4	63	4	70	10	85	8	92	15	106	14	119	14	131	16	144	16
variant471	1	878	122	10	39	1	49	4	58	9	66	14	82	11	96	11	108	12	118	15	128	19	141	19
variant472	1	832	168	10	37	3	47	6	57	10	61	19	80	13	91	16	103	17	104	29	131	16	137	23
variant473	1	916	84	10	37	3	49	4	57	10	71	9	87	6	90	17	106	14	117	16	135	12	142	18
variant474	1	938	62	10	36	4	48	5	65	2	76	4	89	4	81	26	108	12	129	4	127	20	154	6
variant475	1	864	136	10	35	5	45	8	60	7	74	6	86	7	93	14	112	8	121	12	134	13	141	19
variant476	1	867	133	10	30	10	50	3	55	12	67	13	80	13	94	13	110	10	118	15	122	25	131	29
variant477	1	882	118	10	33	7	41	12	50	17	70	10	87	6	93	14	107	13	123	10	138	9	140	20
variant478	1	920	80	10	38	2	48	5	61	6	74	6	82	11	103	4	107	13	112	21	136	11	140	20
variant479	1	876	124	10	35	5	50	3	59	8	63	17	84	9	100	7	104	16	117	16	129	18	135	25
variant480	1	908	92	10	39	1	49	4	65	2	64	16	79	14	96	11	113	7	122	11	133	14	150	10
variant481	1	893	107	10	33	7	47	6	60	7	70	10	74	19	99	8	105	15	108	25	119	28	131	29
variant482	1	931	69	10	39	1	51	2	59	8	78	2	91	2	104	3	114	6	120	13	134	13	148	12
variant483	1	813	187	10	33	7	48	5	53	14	60	20	78	15	96	11	109	11	119	14	119	28	126	34
variant484	1	895	105	10	35	5	46	7	62	5	77	3	82	11	88	19	113	7	121	12	131	16	148	12
variant485	1	945	55	10	34	6	50	3	64	3	77	3	87	6	101	6	107	13	128	5	132	15	151	9
variant486	1	847	153	10	28	12	41	12	56	11	64	16	86	7	89	18	106	14	118	15	126	21	140	20
variant487	1	937	63	10	35	5	48	5	63	4	73	7	80	13	97	10	108	12	120	13	133	14	149	11
variant488	1	897	103	10	38	2	47	6	56	11	67	13	85	8	99	8	114	6	120	13	138	9	140	20
variant489	1	914	86	10	37	3	50	3	64	3	75	5	88	5	102	5	111	9	129	4	135	12	139	21
variant490	1	818	182	10	30	10	42	11	52	15	70	10	74	19	95	12	95	25	103	30	122	25	143	17
variant491	1	944	56	10	39	1	50	3	63	4	72	8	82	11	103	4	112	8	121	12	142	5	139	21
variant492	1	898	102	10	39	1	48	5	60	7	68	12	89	4	98	9	112	8	119	14	139	8	150	10
variant493	1	870	130	10	33	7	50	3	55	12	64	16	82	11	96	11	104	16	116	17	118	29	127	33
variant494	1	873	127	10	32	8	43	10	51	16	65	15	79	14	93	14	102	18	107	26	132	15	144	16
variant495	1	827	173	10	34	6	47	6	56	11	67	13	76	17	96	11	97	23	106	27	116	31	126	34
variant496	1	879	121	10	31	9	49	4	61	6	70	10	80	13	91	16	102	18	117	16	124	23	143	17
variant497	1	854	146	10	35	5	41	12	55	12	75	5	80	13	84	23	102	18	123	10	129	18	138	22
variant498	1	902	98	10	37	3	49	4	62	5	71	9	77	16	96	11	114	6	122	11	135	12	148	12
variant499	1	916	84	10	34	6	50	3	62	5	73	7	85	8	101	6	111	9	122	11	131	16	144	16
variant500	1	865	135	10	29	11	50	3	56	11	69	11	76	17	86	21	106	14	119	14	134	13	141	19
variant501	1	869	131	10	30	10	48	5	50	17	69	11	81	12	92	15	95	25	112	21	124	23	147	13
variant502	1	921	79	10	33	7	50	3	63	4	73	7	86	7	94	13	111	9	116	17	138	9	148	12
variant503	1	834	166	10	31	9	41	12	58	9	67	13	75	18	92	15	104	16	105	28	117	30	132	28
variant504	1	885	115	10	36	4	49	4	61	6	69	11	84	9	99	8	107	13	118	15	137	10	140	20
variant505	1	901	99	10	36	4	46	7	56	11	68	12	78	15	86	21	104	16	116	17	126	21	127	33
variant506	1	849	151	10	34	6	45	8	53	14	61	19	74	19	84	23	103	17	104	29	122	25	128	32
variant507	1	884	116	10	36	4	50	3	57	10	66	14	86	7	102	5	112	8	117	16	137	10	144	16
variant508	1	897	103	10	39	1	47	6	61	6	73	7	83	10	100	7	107	13	114	19	128	19	140	20
variant509	1	901	99	10	36	4	45	8	59	8	75	5	82	11	94	13	113	7	118	15	134	13	134	26
variant510	1	883	117	10	34	6	49	4	62	5	68	12	75	18	95	12	102	18	126	7	132	15	148	12
variant511	1	897	103	10	37	3	46	7	63	4	69	11	88	5	99	8	111	9	114	19	135	12	152	8
variant512	1	909	91	10	37	3	49	4	57	10	69	11	85	8	86	21	111	9	119	14	136	11	144	16
variant513	1	905	95	10	38	2	48	5	64	3	74	6	84	9	94	13	108	12	115	18	137	10	144	16
variant514	1	904	96	10	36	4	46	7	63	4	70	10	77	16	97	10	109	11	112	21	130	17	125	35
variant515	1	911	89	10	34	6	49	4	60	7	72	8	86	7	98	9	106	14	122	11	136	11	149	11
variant516	1	851	149	10	34	6	46	7	59	8	69	11	80	13	87	20	108	12	115	18	125	22	144	16
variant517	1	820	180	10	36	4	45	8	46	21	60	20	71	22	91	16	100	20	117	16	131	16	130	30
variant518	1	889	111	10	36	4	47	6	57	10	72	8	82	11	93	14	102	18	117	16	122	25	134	26
variant519	1	918	82	10	38	2	41	12	63	4	72	8	81	12	102	5	105	15	113	20	123	24	153	7
variant520	1	870	130	10	32	8	49	4	63	4	65	15	84	9	96	11	114	6	117	16	121	26	140	20
variant521	1	904	96	10	37	3	48	5	62	5	72	8	84	9	102	5	111	9	110	23	121	26	145	15
variant522	1	853	147	10	28	12	43	10	56	11	62	18	81	12	93	14	91	29	107	26	124	23	142	18
variant523	1	853	147	10	33	7	39	14	58	9	66	14	78	15	95	12	98	22	112	21	127	20	132	28
variant524	1	910	90	10	33	7	50	3	58	9	72	8	88	5	95	12	110	10	122	11	127	20	135	25
variant525	1	883	117	10	37	3	40	13	60	7	72	8	86	7	90	17	106	14	113	20	126	21	144	16
variant526	1	863	137	10	36	4	42	11	60	7	70	10	78	15	87	20	109	11	113	20	122	25	128	32
variant527	1	902	98	10	35	5	45	8	62	5	73	7	80	13	96	11	107	13	115	18	128	19	136	24
variant528	1	882	118	10	36	4	49	4	55	12	64	16	82	11	93	14	111	9	111	22	123	24	144	16
variant529	1	890	110	10	35	5	46	7	62	5	69	11	77	16	94	13	98	22	118	15	118	29	129	31
variant530	1	911	89	10	38	2	47	6	60	7	69	11	83	10	99	8	112	8	117	16	135	12	147	13
variant531	1	924	76	10	39	1	46	7	57	10	69	11	86	7	92	15	106	14	111	22	127	20	130	30
variant532	1	893	107	10	35	5	48	5	57	10	79	1	79	14	96	11	111	9	119	14	132	15	148	12
variant533	1	797	203	10	32	8	47	6	57	10	64	16	63	30	74	33	95	25	97	36	111	36	132	28
variant534	1	953	47	10	38	2	49	4	64	3	78	2	90	3	101	6	110	10	121	12	137	10	158	2
variant535	1	854	146	10	34	6	48	5	57	10	71	9	83	10	91	16	100	20	112	21	130	17	117	43
variant536	1	933	67	10	38	2	47	6	60	7	71	9	85	8	103	4	114	6	119	14	124	23	147	13
variant537	1	913	87	10	36	4	47	6	58	9	66	14	85	8	97	10	107	13	117	16	141	6	126	34
variant538	1	923	77	10	35	5	49	4	59	8	77	3	88	5	98	9	115	5	131	2	139	8	153	7
variant539	1	889	111	10	35	5	49	4	64	3	71	9	82	11	97	10	108	12	121	12	132	15	142	18
variant540	1	884	116	10	31	9	47	6	55	12	70	10	86	7	93	14	114	6	116	17	130	17	142	18
variant541	1	870	130	10	36	4	49	4	60	7	71	9	79	14	91	16	105	15	112	21	123	24	147	13
variant542	1	893	107	10	39	1	45	8	61	6	72	8	81	12	94	13	112	8	125	8	139	8	139	21
variant543	1	895	105	10	37	3	48	5	63	4	74	6	83	10	90	17	111	9	124	9	138	9	145	15
variant544	1	857	143	10	37	3	48	5	51	16	69	11	75	18	96	11	110	10	111	22	133	14	125	35
variant545	1	911	89	10	35	5	51	2	62	5	76	4	88	5	96	11	118	2	120	13	137	10	135	25
variant546	1	851	149	10	33	7	46	7	59	8	66	14	76	17	92	15	103	17	106	27	119	28	126	34
variant547	1	925	75	10	39	1	47	6	63	4	72	8	86	7	98	9	108	12	121	12	135	12	149	11
variant548	1	955	45	10	37	3	51	2	67	0	73	7	87	6	104	3	115	5	130	3	142	5	150	10
variant549	1	828	172	10	33	7	41	12	46	21	66	14	78	15	84	23	98	22	104	29	109	38	128	32
variant550	1	889	111	10	36	4	48	5	57	10	70	10	86	7	99	8	102	18	120	13	133	14	144	16
variant551	1	928	72	10	40	0	49	4	58	9	68	12	88	5	99	8	110	10	127	6	136	11	143	17
variant552	1	913	87	10	38	2	47	6	60	7	74	6	89	4	97	10	119	1	118	15	136	11	142	18
variant553	1	858	142	10	31	9	43	10	58	9	71	9	88	5	91	16	92	28	115	18	129	18	129	31
variant554	1	919	81	10	39	1	50	3	63	4	64	16	83	10	98	9	107	13	124	9	125	22	149	11
variant555	1	852	148	10	32	8	46	7	59	8	65	15	73	20	91	16	104	16	113	20	126	21	134	26
variant556	1	902	98	10	35	5	51	2	57	10	74	6	85	8	97	10	113	7	119	14	135	12	142	18
variant557	1	912	88	10	37	3	52	1	60	7	72	8	84	9	101	6	111	9	123	10	136	11	152	8
variant558	1	852	148	10	32	8	46	7	55	12	63	17	75	18	80	27	101	19	116	17	116	31	132	28
variant559	1	944	56	10	36	4	52	1	65	2	73	7	81	12	94	13	103	17	126	7	141	6	146	14
variant560	1	926	74	10	38	2	51	2	63	4	75	5	87	6	100	7	106	14	123	10	133	14	147	13
variant561	1	798	202	10	33	7	43	10	56	11	69	11	73	20	81	26	88	32	106	27	122	25	129	31
variant562	1	885	115	10	34	6	47	6	63	4	71	9	85	8	81	26	99	21	119	14	136	11	142	18
variant563	1	924	76	10	34	6	48	5	62	5	66	14	88	5	96	11	117	3	123	10	145	2	134	26
variant564	1	927	73	10	36	4	49	4	56	11	75	5	86	7	95	12	110	10	123	10	140	7	150	10
variant565	1	895	105	10	39	1	49	4	61	6	72	8	88	5	95	12	113	7	115	18	138	9	142	18
variant566	1	882	118	10	35	5	50	3	53	14	70	10	77	16	95	12	105	15	114	19	127	20	148	12
variant567	1	871	129	10	36	4	44	9	57	10	73	7	82	11	99	8	106	14	118	15	133	14	144	16
variant568	1	908	92	10	37	3	48	5	58	9	67	13	88	5	95	12	98	22	121	12	126	21	143	17
variant569	1	915	85	10	28	12	50	3	65	2	68	12	82	11	100	7	110	10	127	6	131	16	138	22
variant570	1	871	129	10	35	5	47	6	53	14	69	11	79	14	94	13	100	20	112	21	130	17	130	30
variant571	1	913	87	10	36	4	47	6	62	5	72	8	79	14	98	9	111	9	127	6	141	6	146	14
variant572	1	904	96	10	37	3	51	2	61	6	73	7	84	9	96	11	115	5	116	17	132	15	143	17
variant573	1	873	127	10	34	6	49	4	58	9	69	11	85	8	92	15	106	14	116	17	131	16	143	17
variant574	1	911	89	10	36	4	50	3	64	3	72	8	78	15	97	10	107	13	126	7	137	10	147	13
variant575	1	874	126	10	34	6	36	17	58	9	75	5	82	11	94	13	107	13	103	30	132	15	129	31
variant576	1	872	128	10	35	5	48	5	60	7	74	6	90	3	90	17	110	10	122	11	131	16	133	27
variant577	1	912	88	10	36	4	53	0	64	3	75	5	87	6	95	12	110	10	118	15	137	10	142	18
variant578	1	914	86	10	39	1	47	6	58	9	71	9	86	7	92	15	107	13	113	20	137	10	149	11
variant579	1	824	176	10	33	7	38	15	58	9	70	10	73	20	90	17	97	23	116	17	139	8	136	24
variant580	1	902	98	10	33	7	48	5	50	17	73	7	80	13	98	9	112	8	120	13	128	19	142	18
variant581	1	945	55	10	37	3	49	4	64	3	76	4	83	10	99	8	112	8	127	6	136	11	151	9
variant582	1	875	125	10	36	4	41	12	60	7	75	5	77	16	93	14	104	16	104	29	133	14	136	24
variant583	1	900	100	10	38	2	49	4	61	6	77	3	83	10	100	7	110	10	122	11	140	7	154	6
variant584	1	859	141	10	36	4	45	8	60	7	57	23	81	12	92	15	96	24	126	7	115	32	129	31
variant585	1	893	107	10	38	2	51	2	61	6	75	5	85	8	97	10	110	10	118	15	141	6	149	11
variant586	1	903	97	10	40	0	50	3	59	8	77	3	90	3	102	5	107	13	126	7	130	17	139	21
variant587	1	934	66	10	34	6	50	3	58	9	72	8	84	9	98	9	106	14	118	15	133	14	145	15
variant588	1	916	84	10	38	2	50	3	55	12	68	12	87	6	97	10	101	19	117	16	137	10	146	14
variant589	1	870	130	10	34	6	44	9	57	10	69	11	83	10	99	8	106	14	119	14	132	15	144	16
variant590	1	921	79	10	37	3	49	4	61	6	75	5	86	7	99	8	111	9	121	12	138	9	145	15
variant591	1	922	78	10	35	5	47	6	65	2	78	2	89	4	95	12	109	11	117	16	137	10	145	15
variant592	1	884	116	10	36	4	44	9	57	10	70	10	80	13	99	8	106	14	118	15	130	17	131	29
variant593	1	897	103	10	34	6	48	5	57	10	69	11	82	11	97	10	104	16	117	16	131	16	144	16
variant594	1	834	166	10	35	5	43	10	62	5	67	13	83	10	80	27	99	21	122	11	131	16	139	21
variant595	1	884	116	10	33	7	44	9	59	8	67	13	79	14	95	12	114	6	120	13	130	17	150	10
variant596	1	924	76	10	35	5	47	6	61	6	75	5	88	5	96	11	108	12	122	11	141	6	144	16
variant597	1	942	58	10	37	3	49	4	62	5	76	4	86	7	98	9	106	14	127	6	138	9	130	30
variant598	1	779	221	10	31	9	42	11	51	16	58	22	70	23	80	27	98	22	102	31	119	28	135	25
variant599	1	855	145	10	37	3	45	8	56	11	75	5	73	20	100	7	105	15	112	21	126	21	134	26
variant600	1	873	127	10	36	4	47	6	57	10	66	14	87	6	87	20	114	6	120	13	132	15	140	20
variant601	1	876	124	10	35	5	49	4	61	6	70	10	84	9	98	9	99	21	121	12	135	12	143	17
variant602	1	929	71	10	36	4	49	4	65	2	73	7	87	6	102	5	117	3	128	5	135	12	147	13
variant603	1	897	103	10	35	5	50	3	62	5	75	5	83	10	96	11	99	21	123	10	133	14	148	12
variant604	1	891	109	10	35	5	45	8	58	9	71	9	87	6	94	13	103	17	118	15	131	16	137	23
variant605	1	930	70	10	37	3	52	1	60	7	77	3	91	2	98	9	116	4	129	4	135	12	145	15
variant606	1	896	104	10	39	1	53	0	62	5	73	7	77	16	92	15	107	13	121	12	136	11	142	18
variant607	1	922	78	10	37	3	50	3	62	5	75	5	89	4	98	9	112	8	117	16	129	18	145	15
variant608	1	898	102	10	36	4	46	7	58	9	75	5	89	4	90	17	106	14	120	13	117	30	142	18
variant609	1	902	98	10	37	3	48	5	48	19	73	7	83	10	95	12	103	17	118	15	136	11	145	15
variant610	1	887	113	10	35	5	46	7	63	4	71	9	88	5	87	20	97	23	115	18	128	19	140	20
variant611	1	887	113	10	34	6	47	6	58	9	66	14	83	10	95	12	92	28	109	24	136	11	143	17
variant612	1	876	124	10	35	5	47	6	58	9	71	9	75	18	89	18	105	15	122	11	134	13	140	20
variant613	1	893	107	10	31	9	48	5	57	10	68	12	81	12	97	10	108	12	123	10	125	22	142	18
variant614	1	893	107	10	38	2	51	2	54	13	64	16	84	9	98	9	109	11	108	25	133	14	137	23
variant615	1	888	112	10	36	4	48	5	61	6	75	5	80	13	86	21	102	18	107	26	131	16	134	26
variant616	1	897	103	10	36	4	50	3	59	8	68	12	84	9	89	18	102	18	123	10	131	16	146	14
variant617	1	906	94	10	34	6	46	7	60	7	75	5	81	12	94	13	106	14	119	14	134	13	146	14
variant618	1	911	89	10	33	7	51	2	64	3	76	4	81	12	105	2	106	14	116	17	134	13	141	19
variant619	1	894	106	10	37	3	44	9	58	9	75	5	82	11	104	3	102	18	119	14	136	11	135	25
variant620	1	924	76	10	36	4	50	3	66	1	69	11	89	4	99	8	109	11	114	19	128	19	146	14
variant621	1	812	188	10	31	9	42	11	60	7	59	21	72	21	75	32	86	34	114	19	121	26	125	35
variant622	1	913	87	10	37	3	47	6	62	5	71	9	86	7	90	17	113	7	120	13	136	11	150	10
variant623	1	932	68	10	40	0	49	4	63	4	78	2	86	7	94	13	111	9	121	12	136	11	140	20
variant624	1	884	116	10	37	3	44	9	62	5	77	3	82	11	84	23	110	10	120	13	135	12	135	25
variant625	1	871	129	10	33	7	46	7	56	11	75	5	82	11	101	6	102	18	101	32	125	22	145	15
variant626	1	876	124	10	32	8	48	5	53	14	63	17	77	16	99	8	111	9	118	15	138	9	144	16
variant627	1	827	173	10	32	8	45	8	61	6	68	12	76	17	93	14	102	18	103	30	129	18	124	36
variant628	1	872	128	10	36	4	49	4	64	3	71	9	86	7	92	15	102	18	117	16	134	13	138	22
variant629	1	869	131	10	34	6	41	12	59	8	60	20	82	11	94	13	97	23	115	18	130	17	140	20
variant630	1	894	106	10	38	2	44	9	65	2	74	6	86	7	89	18	100	20	120	13	133	14	146	14
variant631	1	901	99	10	37	3	47	6	63	4	73	7	86	7	92	15	105	15	118	15	123	24	137	23
variant632	1	810	190	10	34	6	42	11	54	13	69	11	83	10	85	22	104	16	111	22	122	25	133	27
variant633	1	939	61	10	35	5	50	3	60	7	78	2	83	10	99	8	114	6	129	4	139	8	150	10
variant634	1	847	153	10	31	9	44	9	52	15	65	15	70	23	90	17	102	18	104	29	117	30	129	31
variant635	1	904	96	10	37	3	45	8	60	7	70	10	84	9	98	9	107	13	117	16	133	14	151	9
variant636	1	918	82	10	37	3	44	9	61	6	75	5	92	1	96	11	100	20	122	11	133	14	145	15
variant637	1	922	78	10	34	6	50	3	64	3	74	6	87	6	93	14	107	13	121	12	137	10	150	10
variant638	1	935	65	10	36	4	50	3	67	0	74	6	86	7	102	5	104	16	124	9	139	8	142	18
variant639	1	916	84	10	38	2	50	3	65	2	69	11	89	4	101	6	109	11	122	11	122	25	154	6
variant640	1	899	101	10	36	4	44	9	62	5	77	3	82	11	98	9	107	13	113	20	132	15	136	24
variant641	1	914	86	10	36	4	48	5	59	8	75	5	88	5	100	7	114	6	124	9	142	5	141	19
variant642	1	898	102	10	38	2	51	2	64	3	71	9	86	7	94	13	110	10	121	12	139	8	137	23
variant643	1	870	130	10	39	1	48	5	55	12	63	17	82	11	91	16	106	14	112	21	115	32	142	18
variant644	1	895	105	10	37	3	52	1	53	14	71	9	83	10	90	17	111	9	119	14	135	12	150	10
variant645	1	936	64	10	39	1	50	3	61	6	78	2	85	8	98	9	108	12	124	9	134	13	151	9
variant646	1	905	95	10	35	5	45	8	62	5	76	4	85	8	104	3	98	22	109	24	134	13	131	29
variant647	1	925	75	10	38	2	52	1	64	3	80	0	86	7	90	17	104	16	118	15	139	8	147	13
variant648	1	946	54	10	40	0	48	5	56	11	76	4	89	4	99	8	117	3	125	8	139	8	150	10
variant649	1	895	105	10	37	3	45	8	60	7	70	10	79	14	97	10	105	15	113	20	132	15	141	19
variant650	1	892	108	10	36	4	46	7	57	10	77	3	83	10	97	10	108	12	111	22	134	13	135	25
variant651	1	886	114	10	38	2	48	5	56	11	72	8	86	7	98	9	114	6	117	16	133	14	134	26
variant652	1	928	72	10	40	0	49	4	62	5	71	9	90	3	105	2	119	1	120	13	133	14	139	21
variant653	1	870	130	10	37	3	48	5	59	8	71	9	77	16	95	12	110	10	117	16	126	21	140	20
variant654	1	859	141	10	34	6	47	6	54	13	72	8	85	8	87	20	108	12	116	17	112	35	145	15
variant655	1	901	99	10	37	3	45	8	59	8	73	7	83	10	91	16	102	18	117	16	129	18	147	13
variant656	1	914	86	10	35	5	49	4	61	6	76	4	88	5	91	16	111	9	121	12	131	16	140	20
variant657	1	886	114	10	38	2	45	8	59	8	75	5	80	13	98	9	111	9	118	15	131	16	144	16
variant658	1	886	114	10	36	4	41	12	59	8	66	14	84	9	89	18	105	15	120	13	130	17	142	18
variant659	1	958	42	10	37	3	50	3	61	6	79	1	89	4	106	1	114	6	131	2	143	4	157	3
variant660	1	917	83	10	39	1	47	6	62	5	76	4	90	3	95	12	108	12	124	9	137	10	147	13
variant661	1	892	108	10	38	2	42	11	60	7	71	9	85	8	85	22	100	20	123	10	130	17	145	15
variant662	1	933	67	10	36	4	49	4	64	3	76	4	87	6	94	13	104	16	127	6	142	5	142	18
variant663	1	931	69	10	32	8	46	7	64	3	75	5	84	9	98	9	112	8	122	11	137	10	152	8
variant664	1	934	66	10	38	2	53	0	58	9	76	4	89	4	89	18	113	7	123	10	135	12	144	16
variant665	1	843	157	10	35	5	47	6	59	8	59	21	87	6	89	18	102	18	113	20	114	33	132	28
variant666	1	846	154	10	38	2	45	8	60	7	70	10	83	10	84	23	94	26	120	13	121	26	132	28
variant667	1	851	149	10	35	5	44	9	60	7	62	18	83	10	88	19	105	15	107	26	129	18	130	30
variant668	1	928	72	10	34	6	46	7	55	12	74	6	83	10	97	10	115	5	121	12	135	12	157	3
variant669	1	811	189	10	33	7	40	13	61	6	63	17	77	16	85	22	105	15	98	35	129	18	132	28
variant670	1	817	183	10	37	3	49	4	60	7	67	13	83	10	95	12	97	23	111	22	119	28	133	27
variant671	1	940	60	10	34	6	49	4	61	6	72	8	83	10	100	7	113	7	129	4	141	6	142	18
variant672	1	942	58	10	40	0	47	6	60	7	71	9	91	2	96	11	110	10	126	7	130	17	150	10
variant673	1	812	188	10	29	11	46	7	51	16	67	13	81	12	83	24	98	22	109	24	124	23	137	23
variant674	1	857	143	10	36	4	45	8	54	13	69	11	80	13	87	20	94	26	113	20	134	13	123	37
variant675	1	872	128	10	37	3	43	10	62	5	64	16	83	10	98	9	107	13	111	22	127	20	145	15
variant676	1	821	179	10	33	7	46	7	56	11	73	7	80	13	93	14	103	17	117	16	104	43	137	23
variant677	1	907	93	10	36	4	50	3	61	6	72	8	82	11	100	7	102	18	121	12	131	16	140	20
variant678	1	858	142	10	29	11	45	8	63	4	67	13	78	15	94	13	96	24	114	19	126	21	139	21
variant679	1	890	110	10	37	3	47	6	57	10	64	16	82	11	90	17	97	23	124	9	125	22	139	21
variant680	1	931	69	10	36	4	50	3	57	10	75	5	84	9	95	12	110	10	125	8	125	22	137	23
variant681	1	866	134	10	35	5	42	11	56	11	69	11	88	5	92	15	101	19	117	16	139	8	136	24
variant682	1	861	139	10	33	7	37	16	54	13	65	15	82	11	99	8	90	30	114	19	120	27	138	22
variant683	1	907	93	10	36	4	50	3	57	10	75	5	88	5	97	10	112	8	122	11	134	13	136	24
variant684	1	925	75	10	38	2	48	5	60	7	74	6	85	8	101	6	102	18	118	15	129	18	145	15
variant685	1	894	106	10	33	7	44	9	60	7	73	7	79	14	101	6	95	25	123	10	125	22	144	16
variant686	1	854	146	10	32	8	41	12	52	15	74	6	85	8	93	14	96	24	108	25	112	35	129	31
variant687	1	958	42	10	36	4	46	7	65	2	71	9	81	12	104	3	113	7	129	4	142	5	153	7
variant688	1	951	49	10	38	2	47	6	63	4	76	4	91	2	103	4	113	7	127	6	140	7	153	7
variant689	1	913	87	10	35	5	50	3	59	8	65	15	85	8	94	13	103	17	116	17	129	18	146	14
variant690	1	877	123	10	35	5	49	4	58	9	68	12	69	24	93	14	93	27	111	22	122	25	148	12
variant691	1	893	107	10	35	5	44	9	65	2	72	8	91	2	100	7	106	14	108	25	132	15	139	21
variant692	1	838	162	10	34	6	38	15	53	14	73	7	68	25	97	10	89	31	104	29	128	19	124	36
variant693	1	869	131	10	33	7	48	5	54	13	71	9	84	9	94	13	108	12	115	18	128	19	142	18
variant694	1	874	126	10	34	6	45	8	60	7	69	11	85	8	95	12	105	15	115	18	123	24	133	27
variant695	1	866	134	10	31	9	47	6	65	2	65	15	82	11	90	17	99	21	120	13	124	23	151	9
variant696	1	842	158	10	31	9	41	12	52	15	63	17	67	26	84	23	92	28	100	33	116	31	131	29
variant697	1	888	112	10	38	2	43	10	64	3	75	5	87	6	98	9	104	16	113	20	128	19	136	24
variant698	1	895	105	10	39	1	49	4	61	6	75	5	81	12	101	6	107	13	113	20	133	14	135	25
variant699	1	858	142	10	35	5	49	4	59	8	68	12	82	11	97	10	107	13	115	18	121	26	140	20
variant700	1	948	52	10	38	2	49	4	65	2	76	4	85	8	104	3	114	6	127	6	140	7	152	8
variant701	1	972	28	10	40	0	50	3	66	1	77	3	93	0	106	1	110	10	124	9	142	5	151	9
variant702	1	871	129	10	35	5	45	8	61	6	74	6	80	13	89	18	99	21	116	17	136	11	136	24
variant703	1	882	118	10	33	7	48	5	59	8	74	6	79	14	94	13	111	9	102	31	129	18	143	17
variant704	1	900	100	10	32	8	49	4	57	10	67	13	74	19	102	5	99	21	121	12	131	16	150	10
variant705	1	948	52	10	38	2	48	5	66	1	74	6	89	4	100	7	113	7	127	6	125	22	151	9
variant706	1	921	79	10	38	2	47	6	60	7	74	6	87	6	91	16	107	13	122	11	126	21	136	24
variant707	1	957	43	10	40	0	49	4	64	3	79	1	91	2	100	7	117	3	124	9	138	9	152	8
variant708	1	875	125	10	34	6	43	10	58	9	77	3	80	13	99	8	91	29	115	18	120	27	134	26
variant709	1	919	81	10	37	3	50	3	63	4	76	4	90	3	92	15	112	8	119	14	135	12	152	8
variant710	1	864	136	10	36	4	45	8	63	4	67	13	85	8	88	19	107	13	114	19	129	18	134	26
variant711	1	945	55	10	38	2	52	1	59	8	77	3	88	5	99	8	116	4	119	14	125	22	150	10
variant712	1	957	43	10	37	3	50	3	63	4	76	4	88	5	103	4	113	7	126	7	142	5	152	8
variant713	1	855	145	10	37	3	45	8	52	15	68	12	78	15	93	14	112	8	110	23	125	22	138	22
variant714	1	901	99	10	36	4	51	2	58	9	60	20	88	5	89	18	104	16	115	18	136	11	144	16
variant715	1	878	122	10	34	6	49	4	60	7	61	19	89	4	101	6	108	12	115	18	135	12	138	22
variant716	1	911	89	10	33	7	49	4	62	5	76	4	89	4	103	4	100	20	118	15	138	9	151	9
variant717	1	880	120	10	37	3	45	8	62	5	65	15	81	12	89	18	110	10	111	22	129	18	135	25
variant718	1	902	98	10	36	4	39	14	60	7	64	16	81	12	100	7	102	18	117	16	134	13	138	22
variant719	1	860	140	10	34	6	47	6	56	11	64	16	76	17	98	9	112	8	125	8	124	23	142	18
variant720	1	888	112	10	38	2	46	7	57	10	72	8	81	12	94	13	109	11	108	25	133	14	146	14
variant721	1	874	126	10	32	8	43	10	54	13	71	9	81	12	95	12	112	8	122	11	117	30	144	16
variant722	1	942	58	10	39	1	50	3	63	4	76	4	85	8	97	10	110	10	127	6	138	9	142	18
variant723	1	914	86	10	36	4	53	0	60	7	72	8	92	1	98	9	116	4	126	7	135	12	142	18
variant724	1	858	142	10	32	8	45	8	60	7	60	20	69	24	87	20	109	11	121	12	138	9	130	30
variant725	1	932	68	10	38	2	51	2	61	6	74	6	90	3	101	6	114	6	130	3	139	8	149	11
variant726	1	884	116	10	34	6	45	8	59	8	74	6	80	13	97	10	94	26	112	21	139	8	145	15
variant727	1	935	65	10	37	3	48	5	58	9	75	5	92	1	99	8	113	7	128	5	129	18	153	7
variant728	1	913	87	10	38	2	49	4	59	8	77	3	79	14	87	20	109	11	127	6	134	13	144	16
variant729	1	876	124	10	36	4	49	4	61	6	74	6	80	13	92	15	102	18	117	16	135	12	145	15
variant730	1	924	76	10	35	5	44	9	64	3	73	7	82	11	99	8	113	7	117	16	138	9	150	10
variant731	1	900	100	10	36	4	48	5	59	8	76	4	82	11	93	14	109	11	116	17	137	10	144	16
variant732	1	869	131	10	34	6	41	12	62	5	75	5	89	4	87	20	95	25	117	16	131	16	131	29
variant733	1	934	66	10	37	3	49	4	64	3	76	4	86	7	99	8	106	14	108	25	130	17	153	7
variant734	1	896	104	10	37	3	43	10	61	6	71	9	82	11	98	9	106	14	121	12	131	16	137	23
variant735	1	859	141	10	32	8	46	7	51	16	75	5	72	21	84	23	105	15	110	23	126	21	135	25
variant736	1	932	68	10	38	2	46	7	63	4	76	4	89	4	97	10	114	6	128	5	132	15	145	15
variant737	1	850	150	10	34	6	50	3	49	18	70	10	85	8	90	17	110	10	123	10	123	24	133	27
variant738	1	917	83	10	39	1	44	9	58	9	74	6	85	8	91	16	103	17	125	8	135	12	153	7
variant739	1	864	136	10	38	2	50	3	60	7	67	13	83	10	91	16	99	21	113	20	116	31	135	25
variant740	1	897	103	10	36	4	48	5	57	10	66	14	79	14	89	18	104	16	121	12	136	11	149	11
variant741	1	812	188	10	33	7	47	6	60	7	65	15	74	19	88	19	87	33	116	17	122	25	99	61
variant742	1	836	164	10	37	3	44	9	52	15	60	20	77	16	87	20	108	12	114	19	127	20	128	32
variant743	1	833	167	10	35	5	43	10	54	13	67	13	65	28	83	24	91	29	107	26	137	10	133	27
variant744	1	894	106	10	38	2	43	10	58	9	74	6	80	13	93	14	109	11	121	12	130	17	145	15
variant745	1	886	114	10	33	7	51	2	60	7	64	16	83	10	93	14	105	15	116	17	127	20	136	24
variant746	1	883	117	10	35	5	46	7	62	5	72	8	72	21	83	24	109	11	118	15	125	22	137	23
variant747	1	860	140	10	34	6	40	13	59	8	69	11	84	9	101	6	107	13	114	19	128	19	132	28
variant748	1	938	62	10	36	4	46	7	61	6	75	5	89	4	102	5	112	8	125	8	130	17	142	18
variant749	1	882	118	10	33	7	45	8	66	1	72	8	72	21	89	18	96	24	117	16	136	11	140	20
variant750	1	872	128	10	34	6	50	3	56	11	68	12	87	6	84	23	102	18	124	9	129	18	150	10
variant751	1	912	88	10	35	5	48	5	58	9	78	2	86	7	98	9	113	7	122	11	128	19	144	16
variant752	1	837	163	10	36	4	41	12	51	16	67	13	78	15	86	21	107	13	104	29	118	29	131	29
variant753	1	923	77	10	37	3	48	5	59	8	72	8	87	6	101	6	100	20	123	10	132	15	134	26
variant754	1	888	112	10	36	4	48	5	61	6	60	20	83	10	89	18	105	15	121	12	126	21	141	19
variant755	1	926	74	10	33	7	47	6	64	3	74	6	90	3	98	9	114	6	130	3	135	12	151	9
variant756	1	913	87	10	39	1	44	9	57	10	67	13	86	7	101	6	114	6	120	13	133	14	151	9
variant757	1	890	110	10	38	2	46	7	48	19	76	4	82	11	94	13	108	12	123	10	136	11	134	26
variant758	1	904	96	10	33	7	46	7	64	3	75	5	85	8	91	16	111	9	112	21	124	23	151	9
variant759	1	805	195	10	31	9	46	7	53	14	62	18	76	17	81	26	95	25	102	31	109	38	126	34
variant760	1	914	86	10	34	6	49	4	56	11	75	5	80	13	105	2	110	10	111	22	139	8	153	7
variant761	1	907	93	10	36	4	50	3	62	5	71	9	88	5	97	10	108	12	110	23	138	9	149	11
variant762	1	875	125	10	34	6	44	9	59	8	71	9	87	6	94	13	105	15	116	17	128	19	146	14
variant763	1	842	158	10	31	9	45	8	54	13	62	18	72	21	86	21	106	14	103	30	120	27	130	30
variant764	1	887	113	10	34	6	47	6	58	9	71	9	81	12	93	14	107	13	113	20	133	14	139	21
variant765	1	913	87	10	36	4	45	8	64	3	72	8	87	6	91	16	116	4	122	11	133	14	158	2
variant766	1	923	77	10	40	0	52	1	65	2	70	10	87	6	100	7	111	9	119	14	136	11	140	20
variant767	1	911	89	10	31	9	51	2	61	6	79	1	80	13	106	1	114	6	114	19	137	10	134	26
variant768	1	872	128	10	36	4	50	3	58	9	59	21	87	6	95	12	99	21	118	15	141	6	138	22
variant769	1	912	88	10	39	1	43	10	57	10	71	9	83	10	90	17	98	22	119	14	131	16	136	24
variant770	1	912	88	10	36	4	52	1	64	3	75	5	88	5	103	4	112	8	121	12	133	14	151	9
variant771	1	921	79	10	36	4	48	5	60	7	75	5	75	18	97	10	113	7	119	14	133	14	154	6
variant772	1	815	185	10	31	9	36	17	52	15	60	20	73	20	89	18	98	22	106	27	124	23	125	35
variant773	1	906	94	10	34	6	49	4	61	6	73	7	80	13	96	11	110	10	120	13	130	17	145	15
variant774	1	846	154	10	33	7	46	7	58	9	69	11	82	11	83	24	97	23	104	29	133	14	145	15
variant775	1	939	61	10	39	1	49	4	60	7	69	11	88	5	95	12	110	10	117	16	140	7	127	33
variant776	1	904	96	10	34	6	51	2	60	7	72	8	85	8	95	12	103	17	123	10	137	10	150	10
variant777	1	903	97	10	37	3	45	8	64	3	69	11	84	9	97	10	104	16	121	12	132	15	145	15
variant778	1	886	114	10	38	2	48	5	62	5	70	10	81	12	88	19	96	24	117	16	129	18	145	15
variant779	1	859	141	10	37	3	43	10	58	9	68	12	68	25	88	19	104	16	115	18	116	31	134	26
variant780	1	911	89	10	38	2	50	3	56	11	75	5	83	10	90	17	107	13	120	13	133	14	138	22
variant781	1	804	196	10	30	10	43	10	48	19	63	17	79	14	80	27	90	30	94	39	124	23	128	32
variant782	1	880	120	10	34	6	52	1	56	11	70	10	84	9	89	18	110	10	120	13	136	11	151	9
variant783	1	890	110	10	35	5	49	4	60	7	70	10	85	8	97	10	95	25	118	15	129	18	139	21
variant784	1	912	88	10	36	4	46	7	61	6	72	8	78	15	103	4	104	16	124	9	133	14	142	18
variant785	1	850	150	10	33	7	48	5	54	13	68	12	82	11	97	10	104	16	112	21	122	25	135	25
variant786	1	906	94	10	37	3	51	2	53	14	69	11	77	16	95	12	104	16	120	13	140	7	150	10
variant787	1	891	109	10	36	4	43	10	61	6	57	23	86	7	89	18	107	13	110	23	132	15	147	13
variant788	1	897	103	10	34	6	47	6	58	9	69	11	76	17	96	11	116	4	124	9	133	14	132	28
variant789	1	897	103	10	36	4	47	6	60	7	72	8	88	5	98	9	110	10	121	12	130	17	147	13
variant790	1	897	103	10	36	4	51	2	59	8	71	9	84	9	93	14	109	11	116	17	132	15	141	19
variant791	1	924	76	10	39	1	47	6	61	6	65	15	84	9	103	4	105	15	110	23	129	18	132	28
variant792	1	946	54	10	38	2	47	6	64	3	77	3	90	3	103	4	113	7	119	14	134	13	150	10
variant793	1	841	159	10	35	5	42	11	53	14	62	18	80	13	93	14	94	26	105	28	131	16	129	31
variant794	1	916	84	10	35	5	49	4	62	5	71	9	87	6	101	6	103	17	122	11	121	26	143	17
variant795	1	935	65	10	38	2	51	2	63	4	76	4	85	8	99	8	116	4	125	8	140	7	150	10
variant796	1	884	116	10	35	5	45	8	63	4	69	11	84	9	96	11	111	9	123	10	139	8	144	16
variant797	1	926	74	10	38	2	45	8	64	3	76	4	86	7	102	5	111	9	115	18	134	13	149	11
variant798	1	884	116	10	35	5	48	5	54	13	66	14	80	13	90	17	109	11	122	11	134	13	143	17
variant799	1	953	47	10	38	2	51	2	64	3	77	3	82	11	100	7	119	1	130	3	136	11	151	9
variant800	1	912	88	10	34	6	51	2	59	8	72	8	88	5	92	15	104	16	118	15	130	17	145	15
variant801	1	890	110	10	37	3	48	5	53	14	71	9	86	7	77	30	107	13	119	14	119	28	126	34
variant802	1	910	90	10	34	6	46	7	62	5	74	6	83	10	100	7	108	12	119	14	123	24	130	30
variant803	1	833	167	10	33	7	47	6	60	7	66	14	75	18	100	7	105	15	114	19	139	8	135	25
variant804	1	918	82	10	39	1	51	2	62	5	78	2	82	11	90	17	107	13	119	14	130	17	149	11
variant805	1	921	79	10	36	4	46	7	58	9	70	10	85	8	90	17	106	14	124	9	130	17	143	17
variant806	1	826	174	10	36	4	48	5	53	14	57	23	78	15	84	23	91	29	110	23	121	26	133	27
variant807	1	825	175	10	36	4	45	8	56	11	70	10	81	12	83	24	102	18	111	22	105	42	139	21
variant808	1	856	144	10	31	9	49	4	45	22	59	21	79	14	95	12	86	34	114	19	135	12	133	27
variant809	1	859	141	10	36	4	46	7	60	7	68	12	79	14	84	23	101	19	102	31	113	34	139	21
variant810	1	851	149	10	35	5	48	5	47	20	71	9	75	18	86	21	106	14	107	26	128	19	145	15
variant811	1	941	59	10	38	2	51	2	61	6	75	5	87	6	98	9	113	7	122	11	140	7	148	12
variant812	1	952	48	10	36	4	52	1	63	4	79	1	89	4	101	6	118	2	130	3	129	18	149	11
variant813	1	874	126	10	35	5	43	10	61	6	64	16	75	18	95	12	107	13	111	22	129	18	143	17
variant814	1	949	51	10	38	2	50	3	65	2	80	0	91	2	98	9	115	5	119	14	132	15	153	7
variant815	1	864	136	10	37	3	46	7	59	8	66	14	83	10	94	13	101	19	115	18	134	13	135	25
variant816	1	910	90	10	40	0	51	2	58	9	71	9	82	11	100	7	110	10	121	12	130	17	149	11
variant817	1	909	91	10	40	0	52	1	65	2	66	14	83	10	97	10	113	7	123	10	135	12	150	10
variant818	1	945	55	10	37	3	52	1	66	1	74	6	90	3	100	7	116	4	128	5	140	7	152	8
variant819	1	881	119	10	34	6	43	10	62	5	71	9	79	14	89	18	110	10	117	16	133	14	135	25
variant820	1	960	40	10	36	4	50	3	67	0	77	3	88	5	104	3	113	7	123	10	138	9	147	13
variant821	1	852	148	10	40	0	44	9	60	7	70	10	83	10	88	19	102	18	113	20	128	19	137	23
variant822	1	925	75	10	39	1	51	2	57	10	78	2	88	5	97	10	107	13	120	13	133	14	148	12
variant823	1	889	111	10	35	5	46	7	60	7	76	4	83	10	95	12	113	7	123	10	130	17	134	26
variant824	1	896	104	10	30	10	47	6	54	13	77	3	84	9	101	6	100	20	117	16	128	19	144	16
variant825	1	868	132	10	37	3	46	7	53	14	64	16	84	9	88	19	101	19	117	16	132	15	145	15
variant826	1	916	84	10	35	5	48	5	58	9	78	2	85	8	95	12	109	11	122	11	135	12	146	14
variant827	1	916	84	10	36	4	50	3	59	8	72	8	82	11	91	16	105	15	119	14	136	11	139	21
variant828	1	862	138	10	35	5	46	7	55	12	72	8	81	12	97	10	110	10	108	25	123	24	128	32
variant829	1	892	108	10	37	3	46	7	59	8	71	9	83	10	95	12	109	11	122	11	143	4	145	15
variant830	1	942	58	10	38	2	48	5	65	2	77	3	84	9	104	3	117	3	123	10	133	14	147	13
variant831	1	919	81	10	33	7	47	6	64	3	76	4	86	7	97	10	117	3	119	14	127	20	143	17
variant832	1	867	133	10	31	9	49	4	52	15	68	12	84	9	87	20	101	19	113	20	125	22	142	18
variant833	1	872	128	10	36	4	37	16	61	6	68	12	79	14	95	12	98	22	118	15	122	25	140	20
variant834	1	857	143	10	34	6	46	7	60	7	64	16	86	7	95	12	107	13	114	19	138	9	133	27
variant835	1	921	79	10	40	0	42	11	57	10	71	9	84	9	97	10	107	13	118	15	132	15	151	9
variant836	1	919	81	10	36	4	48	5	66	1	74	6	76	17	99	8	111	9	124	9	140	7	149	11
variant837	1	912	88	10	38	2	49	4	61	6	74	6	81	12	97	10	110	10	123	10	133	14	143	17
variant838	1	921	79	10	38	2	50	3	56	11	75	5	86	7	98	9	99	21	126	7	132	15	150	10
variant839	1	864	136	10	36	4	46	7	60	7	72	8	86	7	95	12	99	21	112	21	125	22	140	20
variant840	1	878	122	10	34	6	47	6	60	7	73	7	77	16	102	5	106	14	121	12	118	29	139	21
variant841	1	914	86	10	33	7	46	7	62	5	72	8	88	5	93	14	104	16	123	10	131	16	151	9
variant842	1	913	87	10	32	8	48	5	60	7	76	4	81	12	90	17	114	6	125	8	137	10	133	27
variant843	1	930	70	10	36	4	46	7	63	4	72	8	86	7	97	10	109	11	123	10	118	29	140	20
variant844	1	854	146	10	33	7	41	12	58	9	57	23	75	18	97	10	102	18	120	13	122	25	144	16
variant845	1	897	103	10	38	2	48	5	55	12	69	11	83	10	90	17	107	13	113	20	130	17	142	18
variant846	1	880	120	10	36	4	43	10	61	6	70	10	76	17	88	19	103	17	113	20	128	19	138	22
variant847	1	922	78	10	37	3	48	5	61	6	73	7	80	13	95	12	115	5	123	10	127	20	140	20
variant848	1	888	112	10	33	7	48	5	58	9	68	12	86	7	99	8	110	10	111	22	124	23	142	18
variant849	1	912	88	10	33	7	48	5	64	3	75	5	86	7	93	14	103	17	119	14	129	18	145	15
variant850	1	860	140	10	33	7	46	7	54	13	66	14	80	13	85	22	105	15	114	19	114	33	138	22
variant851	1	869	131	10	34	6	47	6	56	11	73	7	83	10	93	14	98	22	122	11	130	17	126	34
variant852	1	882	118	10	31	9	53	0	60	7	70	10	80	13	96	11	104	16	112	21	132	15	135	25
variant853	1	855	145	10	36	4	42	11	59	8	62	18	78	15	89	18	92	28	106	27	128	19	142	18
variant854	1	907	93	10	38	2	52	1	57	10	76	4	86	7	96	11	113	7	117	16	135	12	151	9
variant855	1	847	153	10	34	6	44	9	57	10	65	15	76	17	87	20	98	22	91	42	125	22	138	22
variant856	1	874	126	10	34	6	44	9	56	11	64	16	78	15	91	16	109	11	109	24	124	23	148	12
variant857	1	807	193	10	37	3	42	11	58	9	66	14	79	14	90	17	97	23	108	25	122	25	127	33
variant858	1	830	170	10	27	13	42	11	47	20	59	21	67	26	90	17	100	20	115	18	120	27	126	34
variant859	1	828	172	10	31	9	49	4	50	17	69	11	86	7	86	21	93	27	108	25	126	21	121	39
variant860	1	861	139	10	36	4	46	7	60	7	67	13	78	15	91	16	102	18	117	16	126	21	149	11
variant861	1	868	132	10	38	2	47	6	59	8	68	12	76	17	101	6	106	14	119	14	128	19	130	30
variant862	1	911	89	10	36	4	48	5	64	3	72	8	80	13	101	6	114	6	118	15	132	15	149	11
variant863	1	908	92	10	36	4	52	1	60	7	75	5	85	8	98	9	108	12	113	20	126	21	146	14
variant864	1	873	127	10	30	10	47	6	58	9	75	5	73	20	102	5	115	5	122	11	128	19	140	20
variant865	1	836	164	10	37	3	45	8	55	12	65	15	77	16	95	12	94	26	118	15	129	18	137	23
variant866	1	872	128	10	34	6	47	6	65	2	66	14	81	12	88	19	102	18	120	13	138	9	147	13
variant867	1	954	46	10	38	2	52	1	58	9	76	4	89	4	105	2	112	8	126	7	140	7	156	4
variant868	1	919	81	10	34	6	45	8	63	4	78	2	90	3	96	11	109	11	121	12	131	16	138	22
variant869	1	892	108	10	36	4	43	10	59	8	71	9	78	15	96	11	106	14	121	12	135	12	142	18
variant870	1	912	88	10	37	3	49	4	60	7	73	7	89	4	102	5	112	8	119	14	134	13	147	13
variant871	1	887	113	10	35	5	50	3	62	5	71	9	85	8	103	4	110	10	112	21	125	22	141	19
variant872	1	915	85	10	37	3	49	4	58	9	73	7	89	4	95	12	112	8	118	15	141	6	145	15
variant873	1	923	77	10	38	2	52	1	63	4	67	13	90	3	105	2	112	8	121	12	132	15	149	11
variant874	1	849	151	10	34	6	44	9	54	13	72	8	80	13	95	12	105	15	120	13	135	12	147	13
variant875	1	856	144	10	31	9	41	12	53	14	71	9	78	15	89	18	93	27	123	10	123	24	130	30
variant876	1	910	90	10	36	4	46	7	62	5	72	8	85	8	95	12	111	9	117	16	137	10	137	23
variant877	1	889	111	10	37	3	45	8	53	14	71	9	83	10	90	17	107	13	114	19	126	21	146	14
variant878	1	842	158	10	32	8	43	10	53	14	66	14	71	22	83	24	104	16	112	21	126	21	137	23
variant879	1	808	192	10	26	14	43	10	59	8	71	9	82	11	85	22	99	21	114	19	115	32	135	25
variant880	1	923	77	10	37	3	47	6	62	5	78	2	87	6	103	4	100	20	125	8	139	8	146	14
variant881	1	863	137	10	37	3	45	8	55	12	69	11	76	17	96	11	109	11	115	18	119	28	152	8
variant882	1	902	98	10	35	5	49	4	60	7	72	8	83	10	100	7	109	11	121	12	131	16	140	20
variant883	1	911	89	10	35	5	47	6	55	12	69	11	85	8	93	14	112	8	116	17	128	19	143	17
variant884	1	921	79	10	39	1	48	5	63	4	75	5	82	11	101	6	109	11	124	9	131	16	137	23
variant885	1	910	90	10	38	2	46	7	54	13	74	6	79	14	91	16	115	5	118	15	131	16	139	21
variant886	1	872	128	10	37	3	50	3	59	8	71	9	75	18	90	17	104	16	112	21	131	16	138	22
variant887	1	920	80	10	40	0	47	6	62	5	79	1	83	10	93	14	103	17	119	14	134	13	137	23
variant888	1	916	84	10	39	1	47	6	61	6	73	7	77	16	94	13	102	18	124	9	136	11	152	8
variant889	1	900	100	10	31	9	47	6	60	7	70	10	88	5	91	16	113	7	110	23	115	32	141	19
variant890	1	884	116	10	37	3	49	4	60	7	67	13	81	12	97	10	106	14	112	21	129	18	135	25
variant891	1	875	125	10	33	7	48	5	60	7	74	6	79	14	91	16	115	5	120	13	131	16	142	18
variant892	1	900	100	10	33	7	43	10	63	4	75	5	76	17	96	11	107	13	122	11	130	17	145	15
variant893	1	900	100	10	36	4	46	7	65	2	72	8	85	8	90	17	108	12	120	13	130	17	139	21
variant894	1	848	152	10	31	9	40	13	60	7	65	15	77	16	99	8	108	12	114	19	123	24	138	22
variant895	1	848	152	10	36	4	46	7	56	11	75	5	83	10	96	11	102	18	103	30	129	18	143	17
variant896	1	896	104	10	37	3	47	6	64	3	71	9	84	9	92	15	105	15	116	17	135	12	148	12
variant897	1	894	106	10	33	7	44	9	56	11	65	15	87	6	99	8	105	15	121	12	125	22	150	10
variant898	1	893	107	10	37	3	49	4	60	7	72	8	72	21	97	10	105	15	122	11	133	14	132	28
variant899	1	800	200	10	37	3	43	10	55	12	64	16	80	13	89	18	102	18	102	31	122	25	125	35
variant900	1	870	130	10	34	6	45	8	60	7	71	9	68	25	88	19	105	15	120	13	131	16	137	23
variant901	1	911	89	10	34	6	51	2	62	5	74	6	84	9	97	10	106	14	116	17	132	15	145	15
variant902	1	900	100	10	39	1	42	11	60	7	64	16	82	11	100	7	109	11	118	15	126	21	147	13
variant903	1	917	83	10	35	5	48	5	61	6	70	10	83	10	94	13	112	8	118	15	127	20	143	17
variant904	1	893	107	10	33	7	45	8	58	9	68	12	82	11	93	14	115	5	113	20	136	11	144	16
variant905	1	893	107	10	37	3	47	6	66	1	75	5	83	10	104	3	110	10	118	15	128	19	142	18
variant906	1	943	57	10	38	2	51	2	61	6	74	6	87	6	100	7	111	9	126	7	132	15	142	18
variant907	1	854	146	10	36	4	42	11	60	7	63	17	77	16	92	15	105	15	109	24	125	22	133	27
variant908	1	875	125	10	37	3	41	12	58	9	73	7	77	16	93	14	100	20	120	13	128	19	124	36
variant909	1	871	129	10	35	5	48	5	60	7	66	14	85	8	93	14	107	13	113	20	129	18	136	24
variant910	1	913	87	10	36	4	48	5	60	7	75	5	85	8	100	7	111	9	114	19	126	21	146	14
variant911	1	862	138	10	36	4	44	9	57	10	67	13	86	7	90	17	94	26	112	21	127	20	147	13
variant912	1	863	137	10	35	5	49	4	57	10	67	13	75	18	95	12	106	14	113	20	124	23	130	30
variant913	1	870	130	10	37	3	49	4	58	9	72	8	83	10	96	11	104	16	116	17	133	14	146	14
variant914	1	906	94	10	32	8	48	5	63	4	78	2	87	6	98	9	105	15	116	17	121	26	149	11
variant915	1	852	148	10	36	4	41	12	59	8	62	18	84	9	98	9	104	16	113	20	135	12	132	28
variant916	1	923	77	10	40	0	45	8	60	7	75	5	86	7	98	9	111	9	123	10	135	12	152	8
variant917	1	872	128	10	34	6	48	5	60	7	69	11	80	13	94	13	105	15	116	17	122	25	135	25
variant918	1	868	132	10	31	9	47	6	58	9	76	4	75	18	86	21	114	6	115	18	132	15	143	17
variant919	1	879	121	10	35	5	46	7	53	14	74	6	82	11	95	12	111	9	117	16	131	16	150	10
variant920	1	931	69	10	35	5	52	1	60	7	78	2	88	5	99	8	116	4	124	9	123	24	150	10
variant921	1	874	126	10	39	1	44	9	59	8	74	6	86	7	91	16	108	12	118	15	136	11	142	18
variant922	1	903	97	10	38	2	52	1	66	1	71	9	91	2	93	14	108	12	124	9	136	11	149	11
variant923	1	907	93	10	37	3	42	11	66	1	77	3	82	11	98	9	110	10	116	17	137	10	152	8
variant924	1	926	74	10	35	5	50	3	64	3	77	3	79	14	99	8	109	11	120	13	134	13	148	12
variant925	1	915	85	10	36	4	48	5	55	12	75	5	83	10	94	13	100	20	126	7	128	19	144	16
variant926	1	935	65	10	35	5	51	2	62	5	71	9	89	4	99	8	111	9	116	17	136	11	144	16
variant927	1	858	142	10	33	7	44	9	55	12	63	17	78	15	87	20	111	9	114	19	122	25	134	26
variant928	1	941	59	10	39	1	45	8	65	2	73	7	90	3	94	13	112	8	129	4	144	3	144	16
variant929	1	849	151	10	38	2	43	10	63	4	61	19	80	13	90	17	95	25	112	21	125	22	130	30
variant930	1	871	129	10	34	6	44	9	54	13	72	8	69	24	95	12	104	16	105	28	122	25	136	24
variant931	1	887	113	10	27	13	48	5	61	6	73	7	77	16	96	11	109	11	116	17	139	8	141	19
variant932	1	893	107	10	34	6	50	3	59	8	69	11	80	13	84	23	109	11	121	12	140	7	146	14
variant933	1	911	89	10	37	3	50	3	63	4	80	0	79	14	98	9	115	5	105	28	129	18	137	23
variant934	1	922	78	10	37	3	45	8	65	2	73	7	84	9	99	8	106	14	122	11	139	8	146	14
variant935	1	844	156	10	29	11	50	3	57	10	67	13	82	11	94	13	98	22	110	23	114	33	137	23
variant936	1	880	120	10	39	1	47	6	58	9	67	13	84	9	100	7	103	17	108	25	127	20	137	23
variant937	1	908	92	10	36	4	49	4	61	6	67	13	79	14	103	4	110	10	113	20	129	18	148	12
variant938	1	906	94	10	34	6	47	6	58	9	65	15	83	10	100	7	109	11	116	17	137	10	138	22
variant939	1	758	242	10	28	12	39	14	52	15	59	21	74	19	86	21	84	36	108	25	107	40	124	36
variant940	1	946	54	10	35	5	45	8	63	4	75	5	85	8	101	6	108	12	119	14	137	10	140	20
variant941	1	910	90	10	36	4	49	4	53	14	68	12	80	13	92	15	113	7	117	16	135	12	144	16
variant942	1	929	71	10	36	4	49	4	59	8	78	2	86	7	101	6	108	12	113	20	138	9	142	18
variant943	1	919	81	10	36	4	50	3	57	10	78	2	81	12	102	5	99	21	117	16	131	16	146	14
variant944	1	883	117	10	37	3	49	4	54	13	71	9	77	16	95	12	102	18	101	32	116	31	147	13
variant945	1	908	92	10	39	1	50	3	63	4	77	3	87	6	100	7	109	11	117	16	128	19	138	22
variant946	1	891	109	10	36	4	46	7	60	7	67	13	80	13	84	23	106	14	125	8	126	21	143	17
variant947	1	783	217	10	33	7	47	6	57	10	56	24	73	20	82	25	87	33	117	16	125	22	134	26
variant948	1	889	111	10	31	9	45	8	63	4	69	11	70	23	98	9	114	6	115	18	130	17	142	18
variant949	1	854	146	10	34	6	46	7	58	9	69	11	77	16	96	11	97	23	107	26	118	29	144	16
variant950	1	911	89	10	38	2	49	4	64	3	76	4	81	12	101	6	115	5	123	10	132	15	144	16
variant951	1	932	68	10	36	4	51	2	64	3	73	7	77	16	101	6	106	14	126	7	136	11	148	12
variant952	1	885	115	10	33	7	47	6	58	9	72	8	80	13	95	12	110	10	114	19	131	16	128	32
variant953	1	897	103	10	36	4	47	6	63	4	75	5	89	4	93	14	113	7	117	16	137	10	141	19
variant954	1	912	88	10	39	1	46	7	61	6	74	6	87	6	95	12	102	18	125	8	133	14	128	32
variant955	1	813	187	10	28	12	44	9	55	12	58	22	71	22	83	24	95	25	107	26	120	27	124	36
variant956	1	946	54	10	39	1	50	3	59	8	76	4	87	6	99	8	110	10	128	5	139	8	151	9
variant957	1	890	110	10	37	3	50	3	61	6	72	8	86	7	97	10	100	20	119	14	133	14	145	15
variant958	1	833	167	10	35	5	41	12	62	5	66	14	71	22	95	12	95	25	97	36	123	24	135	25
variant959	1	870	130	10	36	4	49	4	56	11	69	11	83	10	91	16	109	11	122	11	127	20	144	16
variant960	1	840	160	10	34	6	45	8	51	16	71	9	75	18	89	18	95	25	108	25	115	32	137	23
variant961	1	886	114	10	37	3	46	7	61	6	65	15	88	5	95	12	96	24	127	6	139	8	145	15
variant962	1	930	70	10	36	4	49	4	58	9	72	8	83	10	101	6	116	4	127	6	139	8	148	12
variant963	1	822	178	10	38	2	38	15	58	9	70	10	83	10	96	11	95	25	120	13	132	15	142	18
variant964	1	897	103	10	38	2	50	3	61	6	70	10	84	9	92	15	110	10	110	23	127	20	146	14
variant965	1	913	87	10	38	2	49	4	60	7	72	8	76	17	96	11	108	12	106	27	137	10	148	12
variant966	1	810	190	10	27	13	41	12	50	17	61	19	69	24	86	21	91	29	120	13	120	27	131	29
variant967	1	919	81	10	39	1	51	2	62	5	75	5	87	6	97	10	108	12	129	4	112	35	149	11
variant968	1	889	111	10	35	5	42	11	55	12	63	17	79	14	92	15	101	19	115	18	119	28	145	15
variant969	1	897	103	10	36	4	48	5	60	7	70	10	80	13	97	10	100	20	120	13	131	16	134	26
variant970	1	877	123	10	38	2	51	2	56	11	69	11	87	6	99	8	103	17	123	10	125	22	150	10
variant971	1	879	121	10	33	7	48	5	61	6	74	6	83	10	99	8	109	11	109	24	131	16	141	19
variant972	1	835	165	10	27	13	44	9	53	14	66	14	75	18	78	29	103	17	103	30	128	19	132	28
variant973	1	921	79	10	36	4	49	4	61	6	75	5	83	10	99	8	110	10	115	18	136	11	138	22
variant974	1	852	148	10	34	6	47	6	57	10	62	18	76	17	88	19	96	24	115	18	122	25	138	22
variant975	1	852	148	10	37	3	46	7	60	7	69	11	71	22	92	15	107	13	113	20	134	13	124	36
variant976	1	864	136	10	33	7	43	10	60	7	69	11	85	8	97	10	103	17	112	21	126	21	130	30
variant977	1	925	75	10	38	2	52	1	61	6	66	14	85	8	104	3	107	13	125	8	132	15	144	16
variant978	1	917	83	10	34	6	51	2	59	8	68	12	81	12	97	10	116	4	121	12	138	9	143	17
variant979	1	952	48	10	37	3	52	1	63	4	71	9	86	7	104	3	101	19	127	6	136	11	155	5
variant980	1	859	141	10	35	5	45	8	53	14	71	9	80	13	93	14	101	19	118	15	121	26	143	17
variant981	1	843	157	10	26	14	49	4	51	16	73	7	76	17	88	19	108	12	108	25	114	33	131	29
variant982	1	917	83	10	36	4	46	7	63	4	73	7	75	18	99	8	110	10	119	14	129	18	146	14
variant983	1	934	66	10	39	1	49	4	64	3	67	13	85	8	92	15	116	4	118	15	129	18	155	5
variant984	1	883	117	10	38	2	50	3	58	9	69	11	86	7	93	14	105	15	118	15	137	10	138	22
variant985	1	955	45	10	39	1	51	2	64	3	74	6	87	6	101	6	114	6	125	8	144	3	145	15
variant986	1	911	89	10	34	6	47	6	63	4	79	1	82	11	97	10	106	14	122	11	137	10	150	10
variant987	1	837	163	10	36	4	40	13	60	7	61	19	72	21	73	34	93	27	114	19	113	34	134	26
variant988	1	880	120	10	36	4	48	5	54	13	74	6	87	6	94	13	100	20	118	15	112	35	135	25
variant989	1	893	107	10	35	5	52	1	65	2	78	2	88	5	98	9	107	13	126	7	140	7	144	16
variant990	1	859	141	10	35	5	46	7	60	7	65	15	81	12	93	14	107	13	122	11	132	15	133	27
variant991	1	891	109	10	35	5	43	10	58	9	73	7	85	8	100	7	108	12	122	11	131	16	141	19
variant992	1	901	99	10	33	7	49	4	63	4	69	11	85	8	99	8	111	9	116	17	136	11	135	25
variant993	1	893	107	10	30	10	51	2	56	11	66	14	87	6	94	13	100	20	116	17	131	16	141	19
variant994	1	760	240	10	26	14	42	11	55	12	67	13	72	21	78	29	87	33	103	30	116	31	128	32
variant995	1	835	165	10	34	6	40	13	60	7	63	17	84	9	93	14	110	10	115	18	129	18	133	27
variant996	1	876	124	10	39	1	49	4	61	6	71	9	80	13	97	10	115	5	116	17	124	23	143	17
variant997	1	916	84	10	39	1	51	2	56	11	68	12	81	12	98	9	107	13	118	15	131	16	146	14
variant998	1	894	106	10	37	3	45	8	57	10	76	4	82	11	100	7	107	13	119	14	133	14	139	21
variant999	1	873	127	10	33	7	38	15	55	12	65	15	75	18	94	13	105	15	114	19	134	13	114	46
variant1000	1	914	86	10	33	7	48	5	63	4	72	8	80	13	103	4	110	10	119	14	139	8	152	8
