lambda	alpha	fdr	power	theta	maf	depth
1.45	0.1	0.0965	1.0	2	0.5	50000
1.45	0.05	0.0472	1.0	2	0.5	50000
1.45	0.01	0.0064	1.0	2	0.5	50000
1.55	0.1	0.0952	1.0	2	0.1	50000
1.55	0.05	0.0449	0.9966	2	0.1	50000
1.7	0.01	0.0065	0.9079	2	0.1	50000
1.7	0.1	0.0835	0.945	2	0.05	50000
1.8	0.05	0.0413	0.843	2	0.05	50000
1.45	0.1	0.0957	1.0	2	0.5	10000
1.45	0.05	0.045	1.0	2	0.5	10000
1.45	0.01	0.0054	0.9993	2	0.5	10000
1.55	0.1	0.0945	0.996	2	0.1	10000
1.6	0.05	0.0346	0.9788	2	0.1	10000
1.65	0.01	0.0062	0.8905	2	0.1	10000
1.7	0.1	0.0857	0.9262	2	0.05	10000
1.75	0.05	0.0464	0.8411	2	0.05	10000
1.4	0.1	0.0886	0.9988	2	0.5	1000
1.4	0.05	0.032	0.9958	2	0.5	1000
1.35	0.01	0.0047	0.9702	2	0.5	1000
1.5	0.1	0.0819	0.9396	2	0.1	1000
1.45	0.05	0.0499	0.9044	2	0.1	1000
1.45	0.01	0.0098	0.7164	2	0.1	1000
1.6	0.1	0.0942	0.7686	2	0.05	1000
1.65	0.05	0.0482	0.5724	2	0.05	1000
1.9	0.01	0.0091	0.1313	2	0.05	1000
1.2	0.1	0.0683	0.5766	2	0.5	100
1.15	0.05	0.0497	0.484	2	0.5	100
1.15	0.01	0.0058	0.1538	2	0.5	100
1.35	0.1	0.0968	0.2574	2	0.1	100
1.5	0.05	0.0337	0.0631	2	0.1	100
1.4	0.01	0.0093	0.0212	2	0.1	100
1.5	0.1	0.0969	0.136	2	0.05	100
1.6	0.05	0.0461	0.0352	2	0.05	100
1.65	0.01	0.0	0.0038	2	0.05	100
1.6	0.1	0.0922	0.0433	2	0.01	100
1.55	0.05	0.0417	0.0161	2	0.01	100
1.35	0.01	0.0	0.0047	2	0.01	100
1.25	0.1	0.0939	0.9925	1.5	0.5	50000
1.3	0.05	0.0344	0.9186	1.5	0.5	50000
1.35	0.01	0.0088	0.7997	1.5	0.5	50000
1.45	0.1	0.0835	0.7218	1.5	0.1	50000
1.55	0.05	0.0435	0.5052	1.5	0.1	50000
1.85	0.01	0.0082	0.0966	1.5	0.1	50000
1.85	0.1	0.0977	0.255	1.5	0.05	50000
1.3	0.1	0.0519	0.9435	1.5	0.5	10000
1.3	0.05	0.0308	0.9045	1.5	0.5	10000
1.35	0.01	0.0046	0.7169	1.5	0.5	10000
1.45	0.1	0.0836	0.6898	1.5	0.1	10000
1.55	0.05	0.0381	0.4394	1.5	0.1	10000
1.8	0.01	0.0082	0.0844	1.5	0.1	10000
1.9	0.1	0.0795	0.1771	1.5	0.05	10000
1.25	0.1	0.0814	0.8511	1.5	0.5	1000
1.25	0.05	0.0365	0.7393	1.5	0.5	1000
1.25	0.01	0.0085	0.5034	1.5	0.5	1000
1.45	0.1	0.0959	0.4008	1.5	0.1	1000
1.5	0.05	0.0495	0.2264	1.5	0.1	1000
1.8	0.01	0.0	0.0096	1.5	0.1	1000
1.25	0.1	0.0911	0.1067	1.5	0.5	100
1.25	0.05	0.0499	0.0438	1.5	0.5	100
1.35	0.01	0.0	0.0012	1.5	0.5	100
1.7	0.01	0.0	0.0008	1.5	0.1	100
1.55	0.01	0.0	0.0008	1.5	0.05	100
1.95	0.1	0.093	0.0039	1.5	0.01	100
1.9	0.05	0.0	0.0004	1.5	0.01	100
1.25	0.01	0.0	0.0032	1.5	0.01	100
1.25	0.1	0.0993	0.5291	1.25	0.5	50000
1.3	0.05	0.0408	0.3595	1.25	0.5	50000
1.45	0.01	0.0096	0.0616	1.25	0.5	50000
1.8	0.1	0.0903	0.0282	1.25	0.1	50000
1.25	0.1	0.0878	0.4895	1.25	0.5	10000
1.3	0.05	0.0464	0.3	1.25	0.5	10000
1.4	0.01	0.0067	0.0739	1.25	0.5	10000
1.75	0.1	0.0876	0.0302	1.25	0.1	10000
1.25	0.1	0.0973	0.2745	1.25	0.5	1000
1.3	0.05	0.0408	0.1128	1.25	0.5	1000
1.5	0.01	0.0	0.0027	1.25	0.5	1000
1.75	0.1	0.1	0.0144	1.25	0.1	1000
1.85	0.05	0.0303	0.0032	1.25	0.1	1000
1.75	0.01	0.0	0.0013	1.25	0.1	1000
1.45	0.1	0.0667	0.0014	1.25	0.5	100
1.5	0.05	0.0	0.0002	1.25	0.5	100
1.35	0.01	-1	-1	1.25	0.5	100
1.95	0.05	0.0	0.0002	1.25	0.1	100
1.45	0.01	0.0	0.001	1.25	0.1	100
1.6	0.01	-1	-1	1.25	0.05	100
1.9	0.05	0.0	0.0003	1.25	0.01	100
1.35	0.01	0.0	0.0002	1.25	0.01	100
1.25	0.1	0.0953	0.5276	0.8	0.5	50000
1.3	0.05	0.0461	0.3473	0.8	0.5	50000
1.45	0.01	0.0073	0.0678	0.8	0.5	50000
1.25	0.1	0.0965	0.481	0.8	0.5	10000
1.3	0.05	0.047	0.296	0.8	0.5	10000
1.4	0.01	0.0053	0.0754	0.8	0.5	10000
1.25	0.1	0.0963	0.2845	0.8	0.5	1000
1.35	0.05	0.0161	0.0671	0.8	0.5	1000
1.35	0.01	0.0043	0.0232	0.8	0.5	1000
1.95	0.1	0.1	0.0018	0.8	0.1	1000
1.85	0.01	0.0	0.0007	0.8	0.1	1000
1.5	0.1	0.0	0.0007	0.8	0.5	100
1.45	0.05	0.0	0.0001	0.8	0.5	100
1.25	0.01	0.0	0.001	0.8	0.5	100
1.75	0.05	-1	-1	0.8	0.1	100
1.45	0.01	0.0	0.0001	0.8	0.1	100
1.95	0.05	-1	-1	0.8	0.05	100
1.5	0.01	-1	-1	0.8	0.05	100
1.6	0.05	0.0	0.0002	0.8	0.01	100
1.25	0.01	-1	-1	0.8	0.01	100
1.25	0.1	0.0939	0.9916	0.67	0.5	50000
1.3	0.05	0.0294	0.9157	0.67	0.5	50000
1.35	0.01	0.0068	0.789	0.67	0.5	50000
1.5	0.1	0.0953	0.3777	0.67	0.1	50000
1.6	0.05	0.0449	0.2338	0.67	0.1	50000
1.9	0.01	0.0084	0.0472	0.67	0.1	50000
1.3	0.1	0.0507	0.9378	0.67	0.5	10000
1.3	0.05	0.0253	0.8987	0.67	0.5	10000
1.35	0.01	0.0042	0.7097	0.67	0.5	10000
1.5	0.1	0.0919	0.34	0.67	0.1	10000
1.6	0.05	0.0488	0.1967	0.67	0.1	10000
1.25	0.1	0.0811	0.8333	0.67	0.5	1000
1.25	0.05	0.0375	0.7165	0.67	0.5	1000
1.25	0.01	0.0092	0.4854	0.67	0.5	1000
1.55	0.1	0.0974	0.1362	0.67	0.1	1000
1.7	0.05	0.0329	0.0412	0.67	0.1	1000
1.95	0.01	0.0	0.0018	0.67	0.1	1000
1.25	0.1	0.0858	0.1076	0.67	0.5	100
1.3	0.05	0.0351	0.022	0.67	0.5	100
1.25	0.01	0.0	0.0054	0.67	0.5	100
1.9	0.05	-1	-1	0.67	0.1	100
1.45	0.01	-1	-1	0.67	0.1	100
1.9	0.05	-1	-1	0.67	0.05	100
1.3	0.01	-1	-1	0.67	0.05	100
1.95	0.1	-1	-1	0.67	0.01	100
1.85	0.05	-1	-1	0.67	0.01	100
1.35	0.01	-1	-1	0.67	0.01	100
1.45	0.1	0.097	1.0	0.5	0.5	50000
1.45	0.05	0.0463	1.0	0.5	0.5	50000
1.45	0.01	0.007	1.0	0.5	0.5	50000
1.45	0.1	0.0882	0.8939	0.5	0.1	50000
1.55	0.05	0.0332	0.7772	0.5	0.1	50000
1.7	0.01	0.0079	0.5788	0.5	0.1	50000
1.75	0.1	0.0968	0.459	0.5	0.05	50000
1.4	0.1	0.0997	1.0	0.5	0.5	10000
1.45	0.05	0.0455	1.0	0.5	0.5	10000
1.45	0.01	0.0067	0.9994	0.5	0.5	10000
1.45	0.1	0.0931	0.8733	0.5	0.1	10000
1.5	0.05	0.0475	0.7855	0.5	0.1	10000
1.65	0.01	0.007	0.5503	0.5	0.1	10000
1.7	0.1	0.0965	0.4802	0.5	0.05	10000
1.95	0.05	0.0389	0.2468	0.5	0.05	10000
1.4	0.1	0.0902	0.9989	0.5	0.5	1000
1.4	0.05	0.0322	0.9946	0.5	0.5	1000
1.35	0.01	0.0042	0.9695	0.5	0.5	1000
1.45	0.1	0.0805	0.6833	0.5	0.1	1000
1.45	0.05	0.0441	0.5641	0.5	0.1	1000
1.55	0.01	0.0055	0.2334	0.5	0.1	1000
1.7	0.1	0.0995	0.2761	0.5	0.05	1000
1.2	0.1	0.0736	0.5779	0.5	0.5	100
1.15	0.05	0.0491	0.4843	0.5	0.5	100
1.15	0.01	0.0075	0.1588	0.5	0.5	100
1.8	0.05	-1	-1	0.5	0.1	100
1.35	0.01	-1	-1	0.5	0.1	100
1.85	0.05	-1	-1	0.5	0.05	100
1.5	0.01	-1	-1	0.5	0.05	100
1.75	0.05	-1	-1	0.5	0.01	100
1.3	0.01	-1	-1	0.5	0.01	100
